2
3
5
7
11
13
17
19
23
29
31
37
41
43
47
53
59
61
67
71
73
79
83
89
97
101
103
107
109
113
127
131
137
139
16673
33343
149
151
157
163
167
173
179
16691
50021
181
191
193
197
199
211
16693
223
227
229
233
239
241
83339
16699
33347
66683
251
257
263
269
271
16703
277
281
283
293
307
311
313
317
331
16729
33349
337
347
349
353
359
367
373
379
383
389
397
401
409
419
421
16741
431
33353
433
439
443
66697
16747
449
457
50023
83341
461
463
467
33359
479
487
491
16759
499
503
509
521
523
541
547
557
563
16763
569
50033
33377
571
577
587
593
66701
16787
599
601
607
613
617
619
631
641
643
647
653
83357
659
33391
50047
661
673
16811
677
683
691
701
709
719
727
733
739
16823
743
751
757
761
33403
66713
16829
50051
769
773
787
797
809
811
821
823
827
829
839
853
16831
857
33409
859
863
83383
16843
877
881
883
50053
887
907
911
919
929
937
941
947
953
967
66721
971
977
16871
983
991
33413
997
1009
1013
16879
83389
16883
33427
16889
16901
66733
50069
33457
1019
1021
16903
1031
1033
1039
1049
1051
1061
83399
16921
1063
1069
1087
1091
33461
1093
16927
50077
1097
1103
1109
1117
1123
1129
1151
1153
66739
33469
1163
16931
1171
1181
1187
1193
1201
1213
1217
50087
16937
1223
1229
33479
1231
1237
83401
16943
1249
1259
1277
1279
1283
1289
1291
66749
50093
16963
1297
1301
33487
1303
16979
1307
1319
1321
1327
1361
1367
1373
1381
16981
83407
33493
1399
1409
50101
66751
1423
1427
16987
1429
1433
1439
1447
1451
1453
16993
1459
1471
33503
1481
1483
17011
1487
83417
50111
1489
1493
1499
1511
17021
1523
1531
1543
33521
1549
1553
66763
1559
1567
17027
1571
1579
1583
1597
1601
1607
50119
1609
33529
83423
1613
17029
1619
1621
1627
1637
1657
1663
17033
1667
1669
33533
1693
1697
1699
1709
17041
50123
1721
1723
66791
83431
17047
1733
1741
33547
1747
1753
1759
1777
1783
1787
17053
1789
1801
1811
1823
50129
1831
1847
1861
33563
1867
17077
1871
1873
1877
1879
66797
17093
33569
50131
17099
33577
17107
66809
50147
33581
17117
17123
1889
83437
33587
50153
1901
1907
1913
66821
1931
1933
17137
1949
1951
1973
1979
33589
17159
1987
50159
1993
1997
1999
17167
2003
2011
2017
83443
33599
2027
66841
2029
2039
2053
2063
2069
2081
2083
33601
2087
2089
2099
2111
50177
17183
2113
33613
2129
66851
17189
2131
2137
2141
2143
83449
17191
2153
2161
2179
50207
17203
17207
66853
17209
50221
17231
17239
66863
17257
50227
83459
2203
33617
17291
2207
2213
2221
2237
17293
2239
2243
2251
2267
17299
2269
2273
33619
2281
2287
50231
2293
2297
66877
2309
2311
17317
2333
2339
2341
33623
2347
2351
2357
2371
83471
17321
2377
2381
50261
2383
2389
17327
2393
33629
2399
66883
2411
2417
17333
2423
2437
2441
2447
2459
33637
50263
2467
17341
2473
2477
2503
66889
2521
17351
33641
2531
2539
50273
83477
2543
17359
2549
33647
2551
2557
17377
50287
2579
66919
2591
2593
2609
17383
33679
2617
2621
2633
2647
17387
2657
50291
2659
2663
2671
83497
33703
17389
2677
2683
2687
66923
50311
33713
33721
83537
50321
33739
66931
33749
83557
33751
2689
50329
2693
17393
2699
66943
2707
33757
17401
2711
2713
2719
2729
2731
17417
2741
2749
50333
2753
2767
33767
83561
17419
2777
66947
2789
2791
2797
17431
2801
33769
2803
2819
2833
17443
2837
50341
2843
2851
17449
2857
33773
66949
2861
2879
17467
2887
2897
83563
2903
2909
17471
2917
50359
33791
2927
2939
17477
2953
2957
2963
33797
2969
66959
2971
17483
2999
3001
50363
3011
17489
3019
3023
33809
3037
3041
3049
83579
3061
17491
3067
3079
3083
17497
3089
66973
33811
50377
17509
17519
17539
33827
83591
17551
50383
17569
66977
17573
33829
17579
17581
83597
17597
3109
50387
33851
3119
17599
3121
3137
3163
17609
3167
67003
3169
17623
3181
33857
3187
3191
17627
3203
50411
3209
3217
17657
83609
3221
3229
17659
3251
33863
3253
17669
3257
3259
3271
17681
67021
50417
3299
3301
17683
3307
33871
3313
3319
17707
3323
3329
3331
17713
3343
3347
83617
33889
3359
50423
3361
17729
67033
3371
3373
33893
3389
17737
3391
3407
3413
3433
33911
17747
50441
17749
33923
3449
83621
3457
17761
3461
67043
3463
3467
3469
33931
17783
3491
50459
3499
3511
17789
3517
33937
3527
3529
3533
17791
3539
3541
67049
33941
3547
3557
17807
50461
83639
3559
3571
3581
17827
3583
3593
33961
3607
3613
17837
3617
3623
67057
50497
17839
33967
3631
3637
3643
17851
83641
3659
3671
3673
17863
67061
33997
3677
50503
3691
3697
3701
17881
3709
3719
3727
3733
3739
3761
17891
3767
3769
34019
3779
3793
17903
3797
50513
3803
83653
67073
3821
17909
34031
3823
3833
3847
50527
17911
3851
3853
3863
3877
17921
3881
34033
3889
3907
50539
3911
17923
3917
67079
3919
83663
3923
17929
34039
3929
3931
50543
3943
3947
17939
3967
3989
4001
34057
4003
17957
4007
50549
4013
4019
67103
4021
17959
4027
4049
34061
4051
83689
17971
50551
4057
4073
4079
17977
4091
4093
34123
4099
50581
4111
17981
4127
67121
4129
4133
34127
17987
4139
4153
4157
83701
50587
17989
4159
34129
4177
4201
18013
4211
4217
67129
4219
4229
18041
4231
34141
50591
4241
83717
18043
4243
4253
4259
18047
34147
4261
67139
4271
4273
18049
50593
4283
4289
4297
34157
18059
4327
4337
67141
4339
18061
83719
4349
4357
50599
34159
4363
18077
4373
4391
4397
67153
18089
34171
4409
4421
4423
50627
18097
4441
4447
4451
34183
4457
67157
4463
18119
4481
83737
4483
4493
4507
18121
4513
34211
4517
50647
4519
4523
67169
18127
4547
4549
4561
34213
4567
18131
4583
4591
4597
18133
67181
83761
50651
4603
34217
4621
4637
4639
4643
4649
34231
4651
50671
4657
4663
4673
34253
4679
67187
4691
18143
50683
4703
83773
4721
34259
4723
18149
4729
4733
4751
50707
18169
4759
4783
34261
4787
4789
18181
4793
67189
4799
50723
4801
18191
4813
34267
4817
4831
83777
18199
4861
4871
50741
4877
4889
34273
18211
4903
4909
4919
67211
18217
50753
4931
4933
34283
4937
18223
4943
4951
4957
83791
4967
18229
4969
50767
34297
18233
4973
4987
67213
4993
18251
4999
5003
34301
5009
18253
5011
50773
5021
18257
83813
5023
5039
18269
5051
34303
5059
18287
5077
5081
67217
18289
5087
50777
5099
34313
18301
5101
5107
5113
18307
5119
83833
34319
18311
18313
67219
34327
18329
18341
34337
83843
18353
34351
18367
18371
67231
34361
18379
18397
83857
34367
18401
18413
34369
18427
50789
5147
67247
18433
5153
34381
5167
83869
5171
18439
5179
5189
34403
5197
18443
50821
5209
5227
5231
18451
5233
67261
5237
34421
18457
5261
5273
5279
5281
18461
50833
83873
5297
34429
5303
18481
5309
5323
5333
67271
18493
5347
5351
34439
5381
50839
18503
5387
83891
5393
5399
18517
5407
34457
5413
5417
18521
5419
67273
50849
5431
18523
34469
83903
5437
5441
18539
5443
5449
5471
18541
34471
67289
5477
5479
50857
18553
5483
34483
5501
5503
18583
5507
5519
34487
5521
18587
83911
5527
50867
67307
5531
18593
34499
5557
5563
18617
5569
5573
5581
34501
18637
50873
67339
5591
5623
18661
5639
5641
83921
34511
18671
5647
5651
67343
50891
5653
18679
5657
34513
5659
5669
18691
5683
5689
67349
5693
18701
50893
5701
34519
5711
83933
5717
18713
5737
5741
5743
18719
67369
34537
5749
5779
50909
5783
18731
5791
5801
34543
18743
5807
67391
5813
5821
18749
5827
83939
5839
50923
34549
5843
18757
5849
5851
67399
5857
18773
5861
34583
5867
18787
5869
50929
5879
83969
18793
34589
18797
67409
34591
50951
5881
18803
5897
83983
5903
67411
34603
5923
18839
5927
5939
5953
50957
18859
5981
34607
5987
6007
18869
6011
6029
6037
6043
34613
18899
6047
50969
83987
6053
67421
6067
18911
6073
34631
6079
18913
50971
18917
34649
18919
67427
18947
84011
18959
50989
34651
18973
18979
19001
34667
19009
50993
6089
67429
6091
19013
84017
34673
6101
6113
19031
6121
6131
51001
6133
34679
19037
6143
6151
6163
67433
19051
84047
6173
34687
51031
6197
19069
6199
6203
19073
6211
34693
51043
6217
19079
67447
6221
6229
19081
6247
34703
6257
84053
6263
19087
51047
6269
6271
6277
6287
19121
6299
34721
6301
67453
19139
51059
19141
34729
19157
19163
84059
51061
19181
34739
67477
19183
51071
19207
34747
6311
19211
6317
6323
51109
6329
19213
6337
84061
6343
67481
6353
34757
19219
6359
6361
6367
19231
51131
6373
34759
6379
19237
6389
6397
19249
6421
84067
67489
34763
6427
51133
19259
6449
6451
6469
19267
6473
34781
6481
6491
19273
84089
6521
51137
6529
67493
19289
6547
34807
6551
6553
19301
6563
6569
6571
34819
19309
84121
51151
6577
6581
6599
19319
67499
6607
34841
6619
19333
6637
51157
84127
6653
19373
34843
6659
6661
19379
6673
6679
67511
6689
51169
34847
6691
19381
6701
84131
6703
19387
6709
34849
6719
51193
6733
19391
6737
67523
6761
6763
19403
34871
6779
6781
19417
6791
51197
84137
19421
34877
6793
6803
67531
6823
19423
6827
51199
6829
34883
19427
6833
6841
6857
19429
51203
6863
34897
6869
84143
67537
19433
6871
6883
51217
19441
19447
19457
67547
6899
51229
6907
19463
6911
34913
84163
6917
19469
6947
6949
6959
6961
19471
6967
34919
51239
6971
67559
6977
19477
6983
6991
6997
7001
34939
19483
7013
7019
7027
84179
51241
19489
7039
7043
34949
19501
67567
7057
19507
7069
7079
19531
7103
51257
34961
7109
19541
7121
7127
84181
34963
7129
19543
67577
7151
51263
7159
19553
34981
7177
7187
19559
7193
19571
7207
7211
35023
19577
51283
7213
67579
84191
7219
7229
35027
7237
7243
7247
51287
67589
35051
7253
19583
7283
7297
35053
19597
7307
84199
7309
19603
35059
7321
51307
7331
67601
19609
7333
35069
7349
7351
19661
7369
7393
19681
35081
7411
51329
84211
7417
67607
19687
7433
7451
35083
7457
19697
7459
7477
35089
19699
7481
51341
7487
7489
19709
67619
7499
84221
35099
7507
19717
7517
7523
7529
51343
7537
19727
7541
7547
35107
7549
19739
7559
67631
7561
19751
7573
35111
7577
19753
84223
51347
7583
7589
19759
7591
35117
7603
19763
7607
67651
7621
51349
84229
7639
35129
7643
19777
7649
7669
19793
7673
35141
7681
51361
7687
67679
19801
7691
7699
35149
19813
84239
7703
7717
19819
35153
7723
51383
7727
19841
7741
67699
7753
35159
19843
7757
7759
7789
51407
19853
84247
7793
35171
7817
19861
7823
67709
7829
19867
35201
7841
51413
7853
84263
7867
19889
7873
35221
7877
19891
7879
51419
67723
7883
19913
7901
35227
84299
7907
19919
7919
7927
19927
35251
51421
7933
19937
67733
7937
35257
7949
19949
84307
7951
7963
51427
7993
19961
8009
35267
8011
19963
8017
67741
8039
51431
8053
19973
35279
8059
8069
84313
8081
19979
51437
8087
35281
8089
67751
8093
19991
8101
8111
51439
8117
19993
35291
8123
8147
8161
19997
8167
84317
8171
8179
67757
20011
8191
51449
35311
8209
20021
8219
8221
35317
8231
20023
8233
67759
51461
8237
20029
8243
84319
35323
8263
20047
8269
8273
67763
20051
8287
35327
51473
8291
20063
8293
8297
8311
35339
84347
67777
8317
20071
8329
51479
8353
8363
35353
20089
8369
8377
8387
20101
8389
8419
35363
51481
8423
67783
20107
8429
84349
8431
35381
8443
20113
8447
8461
35393
20117
51487
8467
20123
8501
67789
8513
20129
35401
8521
20143
8527
84377
51503
8537
35407
8539
20147
8543
67801
8563
51511
20149
8573
35419
8581
20161
8597
8599
51517
8609
35423
20173
84389
8623
67807
8627
20177
51521
8629
35437
8641
20183
8647
35447
8663
20201
8669
51539
35449
67819
8677
84391
20219
8681
8689
35461
8693
20231
8699
8707
51551
8713
20233
8719
8731
35491
67829
8737
20249
8741
8747
84401
35507
20261
51563
8753
8761
20269
8779
35509
8783
67843
20287
8803
51577
8807
35521
20297
8819
8821
84407
35527
8831
20323
8837
51581
8839
67853
35531
20327
8849
8861
20333
35533
8863
8867
20341
8887
51593
84421
8893
35537
20347
67867
8923
8929
20353
8933
35543
8941
51599
20357
8951
84431
8963
20359
8969
35569
67883
8971
20369
51607
8999
20389
9001
35573
9007
20393
9011
20399
9013
84437
20407
51613
35591
67891
9029
20411
35593
20431
51631
67901
9041
20441
84443
9043
35597
9049
20443
9059
9067
51637
20477
35603
67927
20479
84449
35617
20483
51647
67931
20507
35671
84457
20509
67933
51659
20521
35677
9091
9103
20533
9109
67939
9127
35729
51673
9133
20543
84463
9137
9151
20549
35731
67943
9157
9161
20551
51679
9173
35747
20563
9181
67957
9187
9199
84467
20593
35753
9203
51683
9209
20599
9221
9227
35759
20611
9239
9241
51691
84481
67961
9257
20627
35771
9277
9281
20639
9283
9293
35797
51713
9311
67967
20641
9319
9323
9337
84499
20663
9341
35801
9343
51719
9349
20681
9371
9377
67979
9391
20693
35803
9397
9403
9413
20707
9419
51721
9421
84503
9431
35809
20717
9433
9437
9439
67987
20719
9461
9463
35831
9467
51749
20731
9473
9479
9491
20743
9497
35837
9511
84509
9521
67993
9533
51767
20747
9539
35839
9547
20749
9551
51769
9587
20753
9601
35851
68023
9613
20759
51787
84521
9619
9623
20771
35863
9629
9631
20773
51797
9643
9649
35869
68041
20789
84523
9661
35879
9677
20807
51803
9679
9689
35897
20809
9697
68053
9719
35899
20849
9721
51817
9733
84533
20857
9739
35911
9743
20873
9749
9767
68059
20879
51827
9769
35923
9781
20887
9787
9791
84551
20897
9803
35933
51829
9811
20899
68071
9817
20903
9829
35951
20921
9833
9839
51839
20929
9851
84559
35963
9857
68087
20939
9859
9871
20947
9883
51853
35969
9887
20959
9901
84589
9907
51859
68099
35977
9923
20963
9929
9931
51869
20981
9941
35983
9949
20983
9967
68111
51871
84629
9973
35993
21001
10007
10009
51893
10037
21011
10039
35999
10061
21013
68113
10067
10069
21017
51899
36007
10079
84631
21019
10091
10093
51907
21023
36011
10099
68141
10103
21031
10111
51913
10133
36013
21059
10139
84649
10141
21061
51929
10151
36017
68147
10159
21067
10163
51941
10169
21089
10177
36037
10181
21101
10193
51949
21107
10211
84653
68161
36061
10223
21121
10243
21139
10247
21143
10253
51971
36067
10259
10267
21149
10271
68171
10273
10289
21157
84659
36073
10301
51973
21163
10303
10313
21169
10321
36083
10331
68207
21179
10333
51977
10337
21187
36097
84673
10343
10357
21191
10369
10391
51991
10399
36107
21193
68209
10427
10429
21211
36109
10433
10453
84691
52009
21221
10457
36131
10459
21227
68213
10463
21247
10477
36137
52021
10487
21269
10499
10501
68219
21277
84697
36151
10513
10529
52027
21283
10531
36161
10559
21313
10567
68227
52051
10589
21317
10597
36187
84701
10601
52057
21319
10607
10613
36191
21323
10627
68239
52067
10631
21341
10639
36209
10651
21347
52069
84713
10657
10663
21377
68261
10667
36217
52081
10687
21379
10691
10709
21383
84719
36229
10711
52103
10723
21391
68279
10729
10733
36241
10739
21397
10753
10771
21401
52121
10781
84731
36251
10789
10799
21407
68281
10831
10837
10847
21419
36263
10853
52127
10859
21433
10861
10867
36269
84737
21467
10883
68311
10889
52147
10891
21481
10903
36277
10909
10937
21487
10939
10949
10957
21491
36293
52153
68329
84751
10973
21493
10979
36299
10987
21499
10993
68351
52163
11003
21503
11027
36307
11047
21517
84761
11057
68371
52177
11059
21521
36313
11069
11071
21523
11083
68389
36319
11087
52181
21529
11093
84787
11113
21557
68399
36341
11117
52183
21559
11119
11131
36343
21563
11149
84793
11159
68437
21569
52189
11161
36353
11171
21577
11173
84809
11177
21587
36373
52201
11197
21589
68443
11213
36383
11239
21599
11243
52223
11251
36389
84811
21601
11257
68447
11261
21611
11273
36433
52237
11279
21613
68449
11287
11299
21617
36451
11311
84827
21647
11317
52249
68473
11321
36457
21649
11329
11351
21661
11353
68477
36467
52253
11369
21673
84857
11383
11393
36469
68483
21683
11399
52259
11411
21701
11423
36473
11437
68489
21713
11443
84859
52267
11447
36479
21727
11467
68491
11471
21737
11483
36493
52289
11489
21739
11491
68501
84869
21751
11497
36497
11503
52291
11519
21757
11527
68507
36523
11549
21767
11551
52301
21773
11579
84871
68521
36527
11587
21787
11593
21799
11597
52313
36529
68531
11617
21803
11621
11633
21817
84913
36541
11657
52321
68539
21821
11677
11681
36551
21839
11689
52361
11699
21841
11701
84919
68543
36559
21851
11717
52363
11719
21859
11731
36563
21863
11743
84947
11777
52369
68567
21871
36571
11779
11783
21881
11789
84961
36583
52379
11801
21893
11807
68581
21911
36587
11813
11821
52387
21929
84967
11827
36599
21937
11831
68597
21943
11833
21961
11839
36607
52391
11863
21977
11867
36629
11887
21991
84977
68611
11897
36637
52433
21997
11903
11909
36643
22003
11923
36653
11927
22013
52453
68633
11933
84979
36671
22027
11939
11941
36677
11953
22031
52457
11959
36683
22037
11969
68639
11971
22039
36691
11981
84991
52489
11987
22051
36697
12007
12011
22063
36709
68659
12037
52501
22067
12041
36713
12043
22073
85009
12049
36721
12071
22079
52511
68669
12073
36739
22091
12097
12101
36749
22093
12107
52517
85021
36761
12109
22109
68683
12113
36767
12119
22111
12143
52529
36779
22123
12149
12157
22129
36781
85027
12161
68687
12163
22133
52541
36787
12197
22147
12203
36791
12211
22153
12227
52543
36793
68699
12239
22157
85037
12241
12251
22159
36809
12253
52553
22171
12263
12269
36821
68711
22189
12277
52561
85049
12281
22193
36833
12289
12301
22229
36847
52567
12323
68713
22247
12329
22259
12343
36857
22271
12347
85061
52571
12373
22273
68729
12377
36871
12379
22277
12391
52579
22279
68737
12401
36877
12409
22283
85081
12413
12421
22291
36887
52583
12433
68743
22303
12437
12451
85087
22307
12457
36899
52609
12473
22343
12479
68749
36901
12487
22349
85091
12491
52627
12497
22367
36913
12503
22369
12511
68767
85093
12517
36919
52631
22381
12527
12539
22391
12541
36923
12547
85103
22397
52639
68771
12553
36929
22409
12569
12577
22433
12583
52667
85109
36931
12589
68777
22441
12601
12611
22447
36943
52673
12613
85121
22453
12619
36947
68791
12637
22469
36973
12641
52691
22481
12647
36979
12653
22483
12659
85133
36997
68813
12671
22501
52697
12689
37003
12697
22511
12703
37013
12713
22531
52709
68819
12721
85147
22541
12739
22543
12743
22549
12757
52711
12763
22567
68821
12781
22571
12791
22573
85159
12799
52721
22613
12809
22619
12821
68863
22621
12823
22637
12829
37019
12841
22639
85193
52727
12853
37021
12889
22643
68879
12893
22651
12899
52733
85199
37039
12907
22669
12911
37049
12917
68881
22679
12919
52747
37057
22691
12923
85201
12941
22697
52757
37061
12953
68891
22699
12959
52769
12967
37087
22709
12973
12979
22717
85213
52783
37097
68897
12983
22721
13001
13003
52807
22727
37117
13007
22739
13009
52813
68899
13033
85223
37123
22741
13037
52817
22751
13043
37139
13049
22769
13063
68903
52837
13093
22777
37159
85229
13099
22783
13103
52859
13109
22787
37171
13121
68909
22807
13127
22811
13147
37181
52861
22817
85237
13151
13159
68917
22853
13163
37189
13171
22859
52879
13177
68927
22861
13183
37199
13187
85243
22871
13217
52883
13219
37201
13229
22877
68947
13241
13249
22901
13259
13267
37217
52889
13291
22907
13297
85247
13309
22921
68963
37223
13313
13327
22937
52901
13331
37243
22943
13337
85259
13339
22961
68993
13367
37253
52903
13381
22963
13397
22973
37273
13399
22993
69001
85297
13411
37277
52919
23003
13417
37307
13421
23011
13441
37309
52937
13451
23017
69011
13457
85303
23021
13463
23027
52951
37313
13469
23029
13477
69019
52957
13487
37321
23039
13499
85313
23041
13513
52963
37337
13523
23053
69029
13537
13553
37339
23057
13567
52967
69031
85331
23059
13577
37357
13591
23063
13597
37361
52973
13613
23071
37363
13619
69061
23081
13627
85333
37369
13633
52981
23087
13649
13669
23099
37379
52999
69067
13679
23117
13681
13687
53003
37397
23131
85361
13691
23143
13693
69073
23159
13697
37409
53017
23167
13709
13711
23173
37423
13721
85363
13723
23189
37441
53047
69109
13729
13751
23197
13757
13759
37447
23201
13763
53051
69119
13781
23203
85369
37463
13789
23209
13799
53069
13807
69127
37483
23227
13829
13831
23251
13841
85381
69143
37489
53077
23269
13859
13873
23279
13877
13879
23291
37493
53087
13883
69149
23293
85411
13901
37501
53089
23297
13903
13907
23311
53093
69151
37507
13913
23321
13921
85427
53101
37511
13931
23327
13933
69163
23333
13963
53113
37517
13967
23339
13997
53117
37529
85429
13999
23357
14009
69191
23369
14011
53129
37537
14029
23371
14033
53147
14051
37547
23399
85439
69193
14057
14071
53149
23417
37549
14081
23431
14083
53161
37561
14087
69197
23447
85447
14107
53171
14143
23459
37567
14149
23473
53173
14153
69203
37571
14159
23497
85451
14173
23509
37573
14177
23531
14197
23537
69221
14207
37579
23539
14221
23549
14243
85453
37589
53189
23557
14249
69233
14251
23561
37591
14281
23563
14293
23567
85469
14303
53197
37607
14321
23581
69239
14323
14327
23593
14341
37619
14347
53201
14369
23599
14387
37633
14389
85487
23603
14401
69247
14407
53231
23609
14411
37643
14419
14423
23623
14431
14437
37649
23627
53233
14447
69257
85513
14449
23629
37657
14461
23633
14479
53239
14489
85517
69259
37663
23663
14503
14519
23669
53267
37691
14533
69263
23671
14537
14543
37693
23677
85523
53269
14549
69313
23687
14551
37699
23689
14557
14561
23719
53279
37717
14563
23741
85531
14591
69317
23743
14593
37747
14621
53281
14627
23747
14629
23753
14633
37781
69337
14639
23761
53299
85549
14653
37783
23767
14657
23773
14669
69341
37799
14683
53309
23789
14699
85571
14713
14717
23801
37811
14723
14731
23813
53323
69371
37813
23819
53327
85577
23827
37831
23831
69379
53353
37847
23833
53359
23857
37853
14737
85597
69383
14741
23869
53377
14747
14753
37861
23873
14759
14767
23879
14771
14779
53381
37871
69389
14783
23887
85601
14797
14813
23893
37879
14821
53401
14827
23899
14831
69401
14843
37889
23909
14851
85607
14867
53407
23911
14869
37897
14879
23917
14887
69403
14891
14897
23929
53411
37907
14923
14929
85619
23957
14939
14947
37951
69427
14951
23971
53419
14957
14969
23977
37957
14983
15013
23981
85621
15017
69431
53437
37963
15031
23993
15053
15061
37967
24001
15073
53441
15077
69439
24007
37987
85627
15083
24019
15091
53453
37991
15101
69457
15107
37993
15121
53479
85639
24023
15131
15137
37997
24029
69463
15139
53503
24043
15149
38011
15161
24049
85643
15173
24061
53507
15187
69467
38039
15193
24071
15199
38047
24077
15217
53527
85661
15227
69473
24083
15233
38053
15241
15259
24091
53549
15263
38069
15269
24097
69481
85667
15271
24103
38083
53551
15277
24107
15287
38113
15289
24109
69491
85669
15299
24113
53569
15307
38119
24121
15313
24133
15319
24137
38149
53591
15329
69493
24151
15331
24169
85691
38153
15349
24179
53593
15359
24181
15361
38167
69497
15373
53597
15377
24197
38177
15383
85703
24203
15391
53609
69499
38183
15401
24223
15413
53611
24229
15427
38189
15439
24239
85711
15443
69539
38197
24247
15451
53617
15461
38201
24251
15467
38219
24281
15473
53623
69557
15493
85717
38231
24317
15497
38237
15511
24329
53629
15527
38239
24337
15541
69593
38261
24359
15551
85733
53633
24371
15559
24373
38273
15569
24379
15581
69623
24391
53639
38281
15583
24407
85751
15601
24413
38287
15607
24419
53653
15619
24421
69653
15629
38299
24439
15641
24443
85781
53657
15643
24469
38303
15647
24473
69661
15649
24481
38317
15661
53681
24499
15667
24509
85793
15671
38321
24517
69677
15679
24527
53693
15683
24533
38327
15727
24547
15731
24551
53699
15733
69691
38329
24571
85817
15737
24593
15739
24611
38333
15749
53717
24623
15761
69697
24631
15767
38351
24659
85819
15773
53719
24671
15787
38371
24677
15791
24683
15797
69709
53731
38377
15803
24691
15809
85829
24697
15817
53759
38393
15823
24709
69737
15859
53773
38431
24733
15877
15881
24749
53777
85831
38447
15887
24763
69739
15889
53783
38449
15901
24767
15907
53791
24781
15913
38453
85837
15919
69761
24793
15923
53813
38459
24799
15937
15959
24809
38461
85843
15971
53819
24821
69763
15973
24841
38501
15991
24847
16001
53831
24851
38543
16007
69767
16033
24859
85847
53849
16057
38557
24877
16061
16063
24889
53857
69779
38561
16067
24907
16069
24917
85853
38567
24919
16073
53861
16087
24923
69809
38569
16091
85889
24943
16097
53881
16103
38593
24953
16111
69821
24967
16127
85903
38603
53887
16139
24971
16141
38609
24977
16183
85909
69827
53891
16187
24979
38611
16189
24989
16193
85931
38629
16217
53897
25013
69829
16223
25031
16229
38639
16231
85933
53899
25033
16249
38651
69833
25037
16253
16267
53917
85991
38653
25057
16273
16301
25073
38669
69847
16319
53923
85999
25087
16333
38671
16339
25097
16349
53927
25111
69857
16361
38677
86011
25117
16363
16369
53939
25121
38693
16381
86017
25127
16411
69859
38699
16417
53951
25147
16421
16427
86027
25153
38707
16433
69877
53959
25163
16447
38711
16451
25169
86029
16453
25171
53987
38713
16477
69899
16481
25183
86069
16487
38723
25189
53993
16493
16519
25219
38729
69911
16529
86077
25229
54001
16547
38737
16553
25237
16561
86083
25243
38747
16567
54011
69929
16573
25247
16603
38749
25253
86111
16607
54013
16619
25261
38767
69931
16631
25301
86113
16633
54037
38783
25303
16649
69941
16651
25307
38791
16657
54049
25309
16661
86117
69959
25321
38803
25339
54059
25343
38821
86131
25349
69991
25357
54083
38833
25367
25373
86137
25391
38839
54091
25409
69997
25411
86143
38851
25423
54101
70001
38861
86161
54121
25439
38867
70003
25447
38873
54133
86171
25453
38891
70009
25457
38903
54139
70019
25463
38917
25469
38921
86179
54151
25471
70039
38923
25523
25537
38933
54163
86183
25541
70051
38953
54167
25561
86197
25577
54181
38959
25579
54193
70061
38971
25583
86201
54217
25589
38977
25601
86209
54251
70067
38993
25603
54269
25609
39019
86239
25621
54277
70079
39023
25633
54287
86243
25639
39041
54293
70099
25643
39043
86249
25657
54311
25667
39047
54319
70111
86257
25673
39079
54323
25679
25693
86263
39089
54331
70117
25703
54347
39097
25717
86269
25733
54361
70121
39103
25741
86287
54367
39107
25747
70123
25759
39113
54371
25763
70139
86291
39119
25771
54377
25793
39133
70141
25799
54401
39139
86293
25801
70157
25819
39157
54403
70163
25841
39161
25847
86297
70177
54409
25849
39163
25867
70181
39181
54413
25873
86311
25889
70183
39191
54419
25903
39199
70199
25913
86323
54421
25919
39209
70201
25931
39217
54437
25933
70207
86341
25939
39227
54443
25943
39229
70223
25951
54449
86351
25969
39233
70229
25981
54469
39239
25997
70237
86353
25999
39241
54493
26003
70241
39251
26017
54497
70249
26021
39293
86357
54499
26029
26041
39301
54503
26053
70271
26083
54517
39313
26099
86369
26107
54521
39317
26111
70289
26113
54539
26119
39323
26141
86371
54541
26153
39341
70297
26161
54547
26171
39343
86381
26177
70309
39359
54559
26183
86389
26189
39367
54563
26203
70313
39371
26209
39373
86399
54577
70321
26227
39383
26237
39397
70327
54581
26249
39409
86413
26251
39419
70351
54583
26261
39439
26263
70373
39443
54601
26267
86423
39451
70379
26293
39461
54617
26297
39499
70381
26309
39503
86441
54623
26317
39509
70393
26321
39511
54629
26339
70423
39521
86453
26347
39541
70429
26357
54631
39551
26371
26387
70439
39563
26393
54647
86461
26399
39569
70451
26407
54667
26417
86467
39581
70457
26423
54673
39607
26431
70459
86477
26437
39619
54679
70481
26449
86491
26459
39623
54709
26479
26489
39631
54713
70487
26497
26501
54721
86501
39659
26513
26539
54727
70489
26557
39667
26561
54751
26573
86509
39671
26591
70501
54767
26597
39679
26627
54773
26633
39703
86531
70507
26641
54779
39709
26647
54787
39719
26669
39727
70529
54799
86533
26681
39733
26683
54829
39749
26687
70537
39761
54833
86539
26693
39769
54851
26699
39779
70549
26701
39791
54869
86561
26711
70571
39799
54877
26713
39821
54881
26717
70573
26723
86573
39827
26729
54907
26731
70583
39829
26737
86579
26759
54917
39839
26777
86587
70589
39841
26783
54919
39847
26801
86599
26813
39857
70607
26821
26833
39863
86627
26839
54941
70619
26849
39869
26861
26863
70621
54949
39877
26879
86629
26881
39883
70627
26891
54959
26893
39887
26903
70639
26921
86677
54973
39901
26927
70657
39929
26947
54979
39937
26951
70663
86689
26953
39953
54983
26959
70667
39971
26981
86693
55001
39979
26987
70687
26993
55009
39983
27011
86711
39989
27017
55021
70709
27031
86719
40009
27043
55049
27059
40013
70717
27061
55051
27067
40031
27073
27077
70729
55057
86729
40037
27091
27103
40039
27107
55061
70753
27109
40063
86743
55073
27127
40087
55079
27143
40093
70769
27179
40099
55103
86753
27191
27197
55109
40111
70783
27211
27239
55117
40123
27241
86767
27253
55127
70793
40127
27259
55147
40129
27271
40151
86771
27277
70823
55163
27281
40153
27283
40163
27299
55171
70841
27329
40169
86783
55201
27337
40177
27361
55207
70843
27367
40189
86813
55213
27397
27407
40193
55217
70849
27409
27427
55219
40213
86837
27431
40231
55229
27437
70853
40237
27449
55243
86843
27457
40241
55249
70867
27479
86851
55259
40253
27481
27487
55291
70877
40277
27509
86857
27527
55313
40283
27529
27539
70879
55331
27541
40289
27551
55333
86861
27581
40343
27583
70891
55337
27611
40351
27617
55339
27631
86869
40357
70901
27647
55343
27653
40361
27673
55351
70913
86923
40387
27689
27691
55373
40423
86927
70919
27697
40427
27701
55381
86929
27733
40429
70921
27737
55399
86939
27739
70937
27743
55411
86951
27749
70949
27751
55439
86959
70951
27763
27767
55441
70957
86969
27773
55457
40433
70969
86981
27779
40459
27791
70979
55469
27793
40471
27799
86993
70981
27803
55487
40483
27809
27817
70991
87011
27823
40487
55501
27827
70997
27847
40493
87013
27851
55511
27883
70999
40499
27893
87037
27901
55529
71011
40507
27917
40519
27919
55541
71023
27941
40529
87041
27943
55547
71039
27947
40531
27953
55579
27961
71059
40543
87049
27967
27983
40559
71069
27997
40577
28001
87071
40583
28019
55589
71081
28027
40591
87083
28031
55603
28051
40597
28057
71089
55609
87103
28069
40609
55619
40627
28081
87107
55621
28087
40637
28097
55631
40639
28099
87119
28109
40693
55633
28111
40697
28123
87121
55639
28151
40699
28163
40709
55661
28181
87133
28183
71119
40739
55663
28201
40751
28211
87149
40759
28219
55667
71129
28229
40763
28277
87151
40771
28279
55673
28283
40787
71143
28289
87179
40801
55681
28297
40813
28307
71147
55691
28309
87181
40819
28319
55697
28349
71153
28351
40823
87187
55711
28387
28393
40829
55717
28403
87211
71161
28409
55721
40841
28411
55733
28429
40847
87221
71167
28433
55763
40849
28439
71171
28447
87223
28463
40853
55787
28477
71191
28493
55793
40867
28499
87251
71209
28513
55799
40879
28517
28537
55807
71233
40883
28541
28547
87253
55813
40897
28549
28559
40903
55817
28571
87257
40927
28573
55819
28579
40933
28591
87277
55823
40939
28597
40949
28603
55829
28607
87281
40961
28619
55837
40973
28621
28627
71237
40993
55843
87293
28631
41011
28643
55849
28649
41017
71249
28657
55871
41023
87299
28661
41039
55889
28663
41047
71257
28669
55897
87313
41051
28687
55901
41057
28697
71261
87317
41077
55903
28703
41081
55921
28711
87323
71263
41113
28723
55927
41117
28729
87337
71287
55931
41131
28751
41141
55933
28753
87359
41143
71293
28759
55949
41149
28771
87383
55967
41161
28789
71317
41177
55987
28793
87403
41179
55997
28807
41183
71327
28813
87407
56003
41189
28817
41201
56009
28837
87421
41203
71329
56039
28843
41213
28859
87427
41221
56041
28867
71333
41227
28871
87433
28879
41231
56053
28901
71339
28909
41233
87443
28921
56081
71341
28927
41243
28933
87473
56087
71347
28949
41257
28961
41263
56093
87481
71353
28979
41269
29009
56099
41281
29017
87491
71359
29021
56101
41299
29023
29027
87509
41333
71363
29033
41341
29059
29063
87511
71387
56113
41351
29077
29101
56123
41357
71389
29123
29129
41381
87517
56131
29131
71399
41387
29137
56149
87523
41389
71411
29147
56167
29153
41399
87539
71413
56171
29167
41411
56179
29173
71419
87541
29179
41413
56197
71429
29191
87547
56207
41443
29201
71437
56209
41453
29207
87553
71443
56237
29209
41467
29221
41479
56239
71453
87557
29231
41491
56249
29243
71471
29251
41507
56263
29269
87559
71473
29287
56267
41513
29297
29303
71479
56269
41519
29311
87583
29327
41521
56299
71483
29333
41539
29339
87587
41543
56311
29347
71503
41549
56333
29363
87589
71527
29383
41579
56359
29387
71537
41593
29389
56369
29399
41597
71549
29401
56377
41603
29411
71551
41609
56383
41611
29423
87613
56393
71563
29429
29437
56401
71569
29443
87623
29453
56417
29473
71593
29483
56431
41617
87629
29501
71597
41621
29527
29531
41627
56437
29537
71633
41641
87631
29567
41647
56443
29569
29573
41651
87641
71647
29581
41659
56453
29587
41669
29599
87643
71663
41681
56467
29611
41687
87649
71671
29629
41719
56473
29633
41729
71693
87671
29641
41737
56477
29663
71699
41759
87679
29669
41761
56479
71707
29671
41771
87683
41777
56489
29683
71711
41801
29717
87691
71713
41809
56501
29723
41813
29741
87697
71719
56503
41843
29753
29759
56509
41849
29761
87701
71741
29789
41851
56519
29803
41863
71761
29819
29833
56527
41879
87719
29837
71777
41887
29851
29863
56531
41893
71789
29867
41897
87721
29873
71807
29879
56533
29881
56543
41903
87739
71809
41911
56569
71821
41927
87743
56591
41941
71837
41947
56597
29917
87751
41953
71843
56599
41957
87767
71849
41959
56611
41969
56629
71861
87793
41981
56633
41983
71867
87797
41999
56659
71879
42013
29921
56663
87803
42017
29927
71881
29947
56671
42019
29959
87811
42023
29983
29989
42043
56681
71887
30011
42061
30013
56687
42071
71899
30029
87833
30047
42073
56701
30059
42083
56711
30071
71909
42089
87853
30089
56713
42101
30091
42131
56731
87869
71917
30097
42139
56737
30103
42157
87877
71933
30109
56747
42169
30113
87881
56767
30119
42179
30133
71941
56773
30137
42181
87887
30139
56779
30161
42187
71947
30169
56783
87911
30181
42193
30187
56807
42197
71963
30197
42209
56809
87917
30203
42221
56813
30211
71971
42223
87931
30223
56821
42227
30241
42239
56827
71983
87943
30253
42257
56843
30259
42281
30269
56857
71987
30271
87959
30293
56873
30307
71993
30313
56891
87961
42283
30319
71999
30323
56893
42293
30341
42299
56897
87973
72019
42307
56909
42323
87977
72031
56911
42331
42337
72043
56921
30347
87991
42349
30367
56923
72047
42359
30389
42373
56929
72053
88001
30391
42379
56941
30403
42391
72073
56951
30427
42397
88003
72077
56957
42403
56963
42407
72089
88007
42409
56983
72091
42433
88019
56989
42437
72101
56993
42443
88037
42451
72103
56999
42457
88069
57037
72109
42461
57041
42463
88079
72139
30431
42467
57047
30449
42473
72161
57059
30467
42487
88093
57073
42491
30469
72167
30491
42499
30493
57077
88117
42509
72169
57089
42533
72173
88129
42557
57097
42569
72211
57107
88169
42571
57119
42577
72221
88177
42589
57131
72223
42611
57139
42641
88211
30497
72227
57143
42643
30509
42649
72229
57149
30517
42667
88223
30529
57163
72251
42677
30539
57173
42683
72253
30553
42689
88237
57179
30557
42697
72269
30559
42701
88241
57191
72271
30577
42703
42709
30593
88259
57193
72277
42719
30631
57203
42727
30637
88261
42737
72287
57221
30643
42743
30649
88289
57223
42751
72307
30661
42767
30671
88301
57241
42773
72313
30677
42787
88321
57251
30689
72337
42793
30697
57259
30703
42797
72341
30707
88327
57269
42821
30713
42829
57271
30727
72353
88337
42839
57283
30757
42841
88339
30763
57287
42853
72367
30773
42859
88379
72379
57301
30781
42863
42899
30803
72383
88397
57329
42901
30809
42923
72421
30817
88411
57331
42929
30829
72431
42937
30839
88423
57347
42943
72461
30841
42953
30851
88427
42961
57349
72467
30853
42967
30859
88463
42979
57367
72469
30869
42989
57373
88469
43003
30871
72481
57383
43013
30881
88471
30893
43019
57389
72493
30911
43037
88493
30931
43049
72497
57397
30937
43051
88499
30941
72503
43063
57413
30949
30971
88513
43067
30977
57427
43093
30983
57457
31013
88523
43103
31019
43117
57467
31033
88547
72533
31039
43133
57487
31051
43151
72547
31063
88589
43159
57493
31069
72551
43177
31079
31081
43189
57503
72559
31091
88591
43201
31121
43207
57527
72577
31123
43223
57529
31139
88607
43237
72613
31147
57557
43261
72617
31151
43271
57559
88609
31153
43283
72623
57571
43291
31159
57587
72643
43313
31177
88643
31181
57593
43319
31183
72647
57601
43321
31189
88651
43331
57637
72649
43391
57641
72661
88657
43397
57649
43399
72671
88661
43403
57653
43411
72673
57667
88663
43427
57679
72679
43441
31193
43451
57689
88667
72689
31219
43457
57697
31223
43481
72701
31231
57709
88681
43487
31237
72707
57713
43499
31247
72719
43517
88721
57719
31249
43541
72727
31253
57727
43543
31259
57731
43573
72733
88729
31267
43577
57737
31271
72739
43579
57751
31277
43591
88741
72763
57773
31307
43597
72767
43607
57781
31319
43609
88747
31321
57787
72797
43613
31327
57791
43627
72817
31333
43633
88771
57793
31337
72823
43649
31357
31379
43651
57803
72859
31387
43661
88789
31391
43669
31393
57809
72869
31397
43691
31469
72871
43711
57829
88793
31477
31481
43717
72883
31489
43721
57839
31511
43753
72889
88799
57847
43759
72893
43777
57853
31513
88801
43781
31517
72901
57859
43783
31531
57881
72907
43787
88807
31541
43789
57899
31543
72911
43793
57901
31547
43801
72923
88811
57917
31567
43853
31573
72931
57923
43867
31583
43889
57943
88813
72937
31601
57947
31607
72949
31627
88817
57973
31643
72953
31649
57977
88819
31657
31663
72959
43891
57991
31667
43913
88843
72973
31687
43933
58013
43943
88853
31699
72977
43951
58027
31721
72997
43961
31723
58031
31727
43963
73009
31729
43969
58043
31741
43973
73013
88861
31751
58049
31769
43987
58057
31771
88867
73019
31793
43991
58061
31799
31817
43997
88873
58067
31847
73037
31849
58073
44017
31859
88883
58099
31873
44021
73039
31883
58109
88897
31891
44027
31907
58111
73043
31957
44029
88903
31963
58129
31973
44041
31981
58147
73061
88919
31991
44053
58151
32003
32009
88937
44059
73063
58153
32027
32029
58169
44071
88951
32051
73079
32057
44087
32059
58171
88969
73091
32063
44089
32069
58189
73121
32077
88993
44101
32083
32089
73127
58193
44111
88997
32099
32117
73133
44119
32119
58199
89003
32141
73141
44123
32143
58207
32159
89009
73181
44129
32173
32183
58211
44131
73189
32189
89017
44159
32191
58217
73237
44171
32203
58229
44179
73243
89021
32213
58231
44189
32233
73259
44201
58237
32237
44203
89041
73277
58243
32251
44207
32257
58271
44221
73291
32261
44249
89051
58309
73303
32297
44257
58313
44263
32299
73309
58321
44267
89057
32303
44269
73327
58337
32309
44273
58363
32321
73331
44279
89069
32323
58367
44281
73351
32327
44293
58369
32341
73361
44351
89071
58379
32353
32359
44357
58391
73363
32363
89083
32369
58393
44371
32371
73369
58403
44381
89087
44383
58411
73379
44389
89101
58417
44417
73387
58427
44449
89107
73417
58439
44453
32377
32381
44483
73421
89113
58441
32401
44491
32411
58451
73433
89119
32413
58453
32423
73453
32429
89123
58477
32441
73459
32443
58481
89137
32467
73471
32479
58511
32491
89153
58537
32497
73477
32503
58543
32507
73483
89189
32531
58549
32533
73517
32537
89203
58567
32561
73523
32563
58573
89209
32569
58579
73529
32573
44497
32579
89213
58601
73547
44501
32587
58603
89227
32603
44507
73553
58613
32609
32611
44519
89231
58631
32621
73561
32633
44531
58657
32647
73571
32653
58661
44533
89237
32687
73583
58679
32693
44537
32707
58687
73589
32713
44543
89261
32717
58693
32719
73597
44549
32749
58699
32771
73607
44563
89269
58711
32779
44579
32783
32789
89273
73609
58727
32797
32801
58733
44587
73613
32803
89293
32831
58741
44617
32833
73637
32839
58757
44621
32843
73643
44623
32869
58763
89303
32887
44633
58771
32909
73651
44641
32911
89317
32917
58787
44647
73673
32933
89329
32939
58789
44651
32941
73679
32957
58831
89363
44657
32969
73681
44683
58889
32971
89371
32983
44687
32987
44699
58897
73693
32993
89381
44701
32999
33013
58901
44711
33023
73699
89387
58907
44729
44741
73709
58909
89393
44753
58913
73721
44771
89399
58921
44773
73727
33029
44777
58937
33037
89413
44789
33049
58943
44797
33053
73751
33071
89417
44809
33073
58963
73757
33083
44819
89431
33091
58967
44839
33107
44843
33113
89443
58979
73771
33119
44851
33149
44867
89449
58991
73783
44879
58997
44887
89459
73819
59009
44893
44909
73823
89477
59011
44917
59021
73847
44927
89491
59023
44939
73849
44953
89501
59029
73859
44959
59051
44963
33151
89513
73867
33161
44971
59053
33179
44983
73877
33181
44987
59063
33191
89519
73883
33199
45007
33203
59069
45013
33211
73897
89521
33223
45053
59077
33247
73907
45061
59083
33287
45077
89527
73939
59093
33289
45083
73943
45119
59107
33301
89533
45121
33311
59113
45127
73951
33317
89561
59119
45131
33329
45137
59123
89563
33331
73961
45139
59141
45161
73973
89567
59149
45179
59159
45181
73999
89591
45191
59167
74017
45197
89597
59183
45233
74021
59197
45247
89599
74027
45259
59207
45263
89603
59209
74047
45281
59219
45289
74051
89611
45293
59221
74071
45307
89627
59233
45317
74077
59239
45319
89633
74093
59243
45329
45337
89653
59263
74099
45341
59273
45343
74101
89657
59281
45361
74131
45377
89659
59333
45389
59341
74143
89669
45403
59351
45413
74149
89671
59357
45427
74159
45433
59359
89681
45439
74161
59369
45481
89689
59377
74167
45491
45497
59387
74177
89753
45503
59393
45523
74189
89759
59399
45533
74197
59407
45541
89767
59417
74201
45553
89779
59419
45557
74203
45569
59441
89783
74209
45587
59443
45589
74219
89797
59447
45599
59453
45613
74231
89809
45631
59467
74257
45641
89819
59471
45659
74279
59473
45667
89821
74287
45673
59497
45677
89833
59509
74293
45691
59513
45697
74297
89839
59539
45707
74311
45737
59557
89849
45751
74317
59561
45757
89867
59567
45763
74323
45767
59581
89891
74353
45779
59611
45817
89897
74357
59617
45821
74363
45823
89899
59621
45827
59627
74377
45833
89909
59629
45841
74381
45853
59651
89917
74383
45863
59659
89923
45869
74411
59663
45887
59669
89939
74413
45893
45943
59671
74419
89959
45949
59693
45953
74441
59699
89963
45959
74449
59707
45971
89977
45979
59723
74453
45989
89983
59729
74471
46021
59743
46027
89989
74489
46049
59747
46051
74507
90001
59753
46061
59771
74509
46073
90007
59779
46091
74521
46093
90011
59791
46099
74527
59797
90017
46103
74531
59809
46133
90019
46141
59833
74551
46147
59863
90023
74561
46153
59879
46171
74567
90031
46181
59887
46183
74573
59921
46187
90053
59929
74587
46199
59951
46219
74597
90059
59957
46229
74609
59971
90067
46237
74611
59981
46261
90071
59999
74623
46271
60013
90073
74653
46273
60017
46279
74687
60029
46301
90089
46307
74699
60037
46309
60041
74707
46327
90107
60077
46337
74713
46349
60083
74717
46351
60089
46381
74719
60091
90121
46399
74729
60101
46411
90127
60103
74731
46439
90149
60107
46441
74747
46447
60127
90163
74759
46451
60133
46457
74761
90173
60139
46471
46477
60149
74771
90187
46489
60161
74779
46499
90191
60167
46507
74797
60169
46511
90197
74821
46523
60209
46549
60217
90199
74827
46559
60223
46567
46573
60251
74831
90203
46589
60257
46591
74843
60259
46601
90217
46619
60271
74857
46633
90227
60289
74861
46639
60293
46643
90239
74869
46649
60317
46663
90247
74873
60331
46679
60337
74887
46681
90263
60343
46687
74891
46691
90271
60353
74897
46703
60373
90281
46723
74903
60383
46727
90289
60397
74923
46747
46751
60413
74929
90313
46757
60427
46769
74933
90353
60443
46771
74941
46807
60449
90359
46811
74959
60457
46817
90371
60493
75011
46819
46829
60497
75013
90373
46831
60509
46853
75017
90379
60521
46861
75029
60527
46867
90397
46877
75037
60539
46889
90401
60589
75041
46901
46919
60601
90403
75079
46933
60607
46957
75083
90407
60611
46993
75109
60617
46997
90437
47017
60623
75133
90439
47041
60631
75149
47051
60637
90469
47057
75161
60647
47059
90473
75167
47087
60649
47093
60659
75169
90481
47111
60661
47119
75181
90499
60679
47123
75193
47129
60689
90511
47137
75209
60703
47143
90523
75211
60719
47147
47149
60727
75217
90527
47161
60733
75223
47189
90529
60737
47207
75227
47221
60757
90533
47237
75239
60761
47251
90547
75253
60763
47269
90583
60773
47279
75269
47287
60779
75277
90599
47293
60793
47297
75289
90617
60811
47303
75307
47309
60821
90619
47317
75323
60859
47339
90631
60869
75329
47351
47353
60887
90641
75337
47363
60889
47381
75347
90647
60899
47387
75353
60901
47389
90659
75367
47407
60913
90677
47417
75377
60917
90679
47419
75389
60919
90697
47431
75391
60923
47441
90703
75401
47459
60937
75403
90709
47491
60943
75407
90731
47497
75431
60953
47501
90749
75437
60961
47507
90787
61001
75479
47513
90793
61007
47521
61027
75503
90803
47527
61031
75511
47533
61043
47543
90821
75521
47563
61051
47569
75527
90823
47581
61057
75533
47591
61091
90833
47599
75539
61099
47609
75541
61121
90841
47623
61129
75553
47629
61141
90847
75557
47639
61151
75571
47653
61153
90863
75577
61169
47657
75583
61211
47659
90887
61223
75611
47681
61231
75617
47699
90901
61253
75619
47701
61261
75629
47711
61283
90907
47713
61291
75641
47717
90911
61297
47737
75653
47741
90917
61331
47743
75659
90931
61333
47777
47779
75679
90947
61339
47791
75683
90971
61343
47797
75689
47807
61357
90977
75703
47809
61363
47819
75707
61379
90989
75709
61381
90997
61403
75721
61409
91009
75731
61417
75743
91019
61441
75767
61463
91033
75773
61469
91079
61471
75781
47837
61483
91081
75787
47843
61487
75793
91097
47857
75797
61493
91099
47869
75821
47881
61507
91121
75833
47903
61511
91127
75853
47911
61519
91129
75869
47917
75883
61543
47933
47939
61547
75913
47947
61553
75931
47951
61559
47963
75937
61561
47969
75941
91139
61583
47977
61603
75967
47981
91141
61609
75979
48017
91151
61613
75983
48023
61627
91153
75989
48029
61631
91159
61637
75991
48049
61643
91163
48073
75997
61651
48079
91183
48091
61657
76001
48109
61667
91193
76003
48119
61673
91199
76031
48121
61681
76039
48131
91229
61687
76079
61703
91237
76081
61717
91243
76091
61723
91249
61729
76099
61751
76103
91253
61757
76123
91283
61781
76129
61813
91291
76147
48157
61819
91297
61837
48163
76157
61843
48179
76159
91303
61861
48187
76163
48193
61871
91309
48197
76207
61879
48221
91331
61909
76213
48239
91367
61927
48247
76231
61933
91369
48259
76243
61949
48271
91373
61961
48281
76249
61967
91381
48299
61979
91387
76253
61981
48311
61987
91393
48313
76259
61991
48337
91397
62003
76261
48341
62011
91411
48353
76283
62017
48371
91423
62039
76289
48383
91433
62047
48397
76303
91453
62053
48407
76333
91457
48409
62057
76343
48413
91459
62071
76367
48437
91463
62081
76369
48449
91493
76379
62099
48463
76387
91499
48473
62119
76403
48479
91513
62129
76421
48481
91529
62131
76423
48487
91541
76441
48491
62137
91571
48497
76463
62141
48523
76471
91573
62143
48527
76481
91577
62171
48533
76487
91583
62189
48539
76493
62191
91591
48541
76507
62201
48563
91621
76511
62207
48571
76519
62213
48589
91631
48593
76537
62219
48611
76541
48619
91639
62233
48623
76543
48647
62273
76561
48649
91673
48661
76579
62297
48673
91691
48677
76597
62299
48679
76603
48731
62303
91703
48733
76607
48751
62311
76631
48757
62323
91711
48761
76649
62327
48767
76651
62347
48779
91733
62351
48781
76667
48787
62383
76673
91753
48799
62401
48809
76679
48817
62417
91757
76697
48821
62423
48823
76717
62459
91771
48847
62467
48857
76733
48859
62473
76753
91781
48869
62477
48871
76757
62483
48883
91801
76771
48889
62497
48907
76777
62501
48947
91807
62507
76781
48953
62533
48973
76801
91811
48989
62539
76819
48991
62549
49003
76829
91813
62563
49009
62581
49019
76831
49031
91823
62591
49033
76837
49037
91837
62597
49043
76847
91841
49057
62603
49069
91867
76871
49081
62617
49103
91873
62627
76873
49109
91909
62633
49117
76883
62639
91921
49121
62653
76907
49123
91939
62659
49139
62683
91943
76913
62687
49157
91951
62701
76919
49169
62723
91957
49171
76943
62731
91961
49177
62743
76949
49193
91967
62753
49199
76961
49201
62761
91969
49207
76963
49211
62773
76991
49223
91997
49253
77003
62791
49261
92003
77017
49277
62801
49279
92009
49297
62819
77023
49307
92033
62827
49331
77029
49333
92041
62851
49339
77041
49363
92051
62861
49367
92077
49369
77047
62869
49391
92083
49393
77069
62873
49409
92107
49411
62897
77081
49417
92111
49429
62903
49433
77093
92119
49451
62921
49459
92143
77101
49463
62927
92153
49477
77137
62929
49481
92173
49499
62939
77141
49523
62969
77153
49529
92177
62971
49531
77167
49537
62981
49547
77171
92179
62983
49549
62987
49559
92189
77191
62989
49597
77201
49603
63029
92203
49613
77213
63031
49627
92219
77237
49633
63059
49639
92221
77239
63067
49663
49667
63073
92227
77243
49669
63079
49681
92233
63097
77249
49697
63103
49711
77261
92237
49727
63113
77263
49739
63127
49741
77267
92243
63131
49747
77269
63149
49757
49783
92251
63179
77279
49787
63197
92269
77291
49789
63199
92297
63211
49801
77317
63241
92311
49807
63247
49811
77323
92317
63277
49823
63281
92333
77339
49831
63299
92347
49843
63311
77347
92353
63313
49853
77351
63317
49871
92357
63331
49877
77359
92363
63337
49891
77369
63347
49919
92369
63353
49921
77377
92377
63361
49927
63367
92381
77383
49937
63377
92383
49939
63389
77417
49943
63391
92387
77419
49957
63397
77431
49991
63409
92399
77447
63419
49993
63421
77471
49999
92401
63439
77477
92413
63443
77479
63463
92419
77489
63467
77491
63473
92431
63487
77509
92459
63493
77513
92461
63499
77521
63521
92467
77527
63527
77543
92479
63533
63541
77549
92489
63559
77551
92503
63577
77557
63587
92507
77563
63589
92551
63599
77569
92557
63601
77573
63607
92567
77587
63611
92569
77591
63617
63629
92581
77611
63647
92593
77617
63649
77621
92623
63659
77641
63667
92627
63671
77647
92639
63689
77659
92641
63691
77681
63697
92647
77687
63703
77689
92657
63709
77699
63719
92669
77711
63727
92671
77713
63737
63743
77719
92681
63761
77723
63773
92683
63781
77731
63793
92693
77743
63799
92699
77747
63803
63809
77761
92707
63823
77773
92717
63839
77783
63841
92723
77797
63853
92737
77801
63857
92753
63863
77813
63901
77839
92761
63907
77849
92767
63913
77863
63929
92779
63949
77867
92789
63977
77893
63997
92791
77899
64007
92801
77929
64013
77933
64019
92809
64033
77951
92821
64037
77969
64063
92831
77977
64067
92849
77983
64081
92857
64091
77999
64109
78007
92861
64123
78017
92863
64151
78031
64153
92867
78041
64157
92893
64171
78049
64187
92899
78059
64189
78079
92921
64217
78101
64223
92927
78121
64231
92941
64237
78137
92951
64271
78139
64279
92957
78157
64283
92959
78163
64301
64303
78167
92987
64319
78173
92993
64327
78179
64333
93001
78191
64373
93047
78193
64381
64399
78203
93053
64403
78229
93059
64433
78233
64439
93077
78241
64451
93083
64453
78259
64483
93089
78277
64489
93097
78283
64499
78301
93103
64513
64553
78307
93113
64567
78311
93131
64577
78317
64579
93133
78341
64591
93139
78347
64601
64609
93151
78367
64613
78401
93169
64621
78427
93179
64627
78437
64633
93187
64661
78439
93199
64663
78467
64667
93229
78479
64679
93239
78487
64693
78497
64709
93241
64717
78509
93251
64747
78511
93253
64763
78517
64781
93257
78539
64783
93263
78541
64793
64811
78553
93281
64817
78569
93283
64849
78571
64853
93287
78577
64871
93307
78583
64877
64879
93319
78593
64891
78607
93323
64901
78623
93329
64919
78643
64921
93337
78649
64927
93371
64937
78653
64951
93377
78691
64969
78697
93383
64997
78707
65003
93407
78713
65011
93419
65027
78721
93427
65029
78737
65033
93463
78779
65053
93479
78781
65063
65071
78787
93481
65089
78791
93487
65099
78797
65101
93491
78803
65111
93493
78809
65119
93497
65123
78823
65129
78839
93503
65141
78853
93523
65147
78857
65167
93529
78877
65171
93553
65173
78887
65179
93557
78889
65183
78893
93559
65203
78901
65213
93563
78919
65239
93581
65257
78929
93601
65267
78941
65269
93607
78977
65287
78979
93629
65293
78989
65309
93637
65323
79031
93683
65327
79039
65353
93701
79043
65357
93703
79063
65371
79087
93719
65381
65393
79103
93739
65407
79111
93761
65413
79133
65419
93763
79139
65423
93787
79147
65437
65447
93809
79151
65449
79153
93811
65479
79159
93827
65497
79181
65519
93851
65521
79187
93871
65537
79193
65539
93887
79201
65543
79229
93889
65551
79231
65557
93893
65563
79241
93901
65579
79259
93911
65581
79273
65587
93913
79279
65599
93923
79283
65609
65617
79301
93937
65629
79309
93941
65633
79319
65647
93949
79333
65651
93967
79337
65657
93971
65677
79349
65687
93979
79357
65699
79367
93983
65701
65707
93997
79379
65713
94007
79393
65717
65719
79397
94009
65729
79399
94033
65731
79411
65761
94049
79423
65777
94057
79427
65789
94063
65809
79433
94079
65827
79451
94099
65831
79481
65837
94109
79493
65839
79531
94111
65843
79537
65851
94117
79549
65867
94121
65881
79559
94151
65899
79561
65921
94153
79579
65927
79589
94169
65929
79601
65951
94201
65957
79609
94207
65963
79613
65981
94219
79621
65983
94229
79627
65993
79631
66029
94253
66037
79633
94261
66041
79657
94273
66047
79669
66067
94291
79687
66071
94307
79691
66083
66089
79693
94309
66103
79697
94321
66107
79699
66109
94327
79757
66137
94331
79769
66161
94343
66169
79777
66173
79801
94349
66179
79811
66191
94351
79813
66221
94379
79817
66239
94397
66271
79823
66293
79829
94399
66301
79841
94421
66337
79843
66343
94427
79847
66347
94433
79861
66359
94439
66361
79867
66373
94441
79873
66377
79889
94447
66383
79901
66403
94463
66413
79903
94477
66431
79907
94483
66449
79939
66457
94513
79943
66463
94529
79967
66467
66491
79973
94531
66499
79979
94541
66509
79987
94543
66523
79997
66529
94547
79999
66533
94559
66541
80021
66553
94561
80039
66569
80051
94573
66571
80071
66587
94583
80077
66593
94597
66601
80107
94603
66617
80111
66629
94613
80141
66643
94621
80147
66653
80149
94649
80153
94651
80167
94687
80173
94693
80177
94709
80191
80207
94723
80209
94727
80221
94747
80231
94771
80233
94777
80239
80251
94781
80263
94789
80273
94793
80279
94811
80287
94819
80309
94823
80317
80329
94837
80341
94841
80347
94847
80363
94849
80369
94873
80387
80407
94889
80429
94903
80447
94907
80449
94933
80471
94949
80473
94951
80489
80491
94961
80513
94993
80527
94999
80537
95003
80557
95009
80567
95021
80599
80603
95027
80611
95063
80621
95071
80627
95083
80629
95087
80651
80657
95089
80669
95093
80671
95101
80677
95107
80681
95111
80683
95131
80687
80701
95143
80713
95153
80737
95177
80747
95189
80749
95191
80761
95203
80777
80779
95213
80783
95219
80789
95231
80803
95233
80809
95239
80819
80831
95257
80833
95261
80849
95267
80863
95273
80897
95279
80909
95287
80911
80917
95311
80923
95317
80929
95327
80933
95339
80953
80963
95369
80989
95383
81001
95393
81013
95401
81017
95413
81019
95419
81023
81031
95429
81041
95441
81043
95443
81047
95461
81049
95467
81071
95471
81077
81083
95479
81097
95483
81101
95507
81119
95527
81131
95531
81157
81163
95539
81173
95549
81181
95561
81197
95569
81199
95581
81203
95597
81223
81233
95603
81239
95617
81281
95621
81283
95629
81293
95633
81299
95651
81307
81331
95701
81343
95707
81349
95713
81353
95717
81359
95723
81371
95731
81373
81401
95737
81409
95747
81421
95773
81439
95783
81457
95789
81463
95791
81509
81517
95801
81527
95803
81533
95813
81547
95819
81551
95857
81553
81559
95869
81563
95873
81569
95881
81611
95891
81619
95911
81629
95917
81637
81647
95923
81649
95929
81667
95947
81671
95957
81677
95959
81689
81701
95971
81703
95987
81707
95989
81727
96001
81737
96013
81749
96017
81761
81769
96043
81773
96053
81799
96059
81817
96079
81839
96097
81847
81853
96137
81869
96149
81883
96157
81899
96167
81901
96179
81919
96181
81929
81931
96199
81937
96211
81943
96221
81953
96223
81967
96233
81971
96259
81973
82003
96263
82007
96269
82009
96281
82013
96289
82021
96293
82031
82037
96323
82039
96329
82051
96331
82067
96337
82073
96353
82129
96377
82139
82141
96401
82153
96419
82163
96431
82171
96443
82183
96451
82189
96457
82193
82207
96461
82217
96469
82219
96479
82223
96487
82231
96493
82237
82241
96497
82261
96517
82267
96527
82279
96553
82301
96557
82307
96581
82339
82349
96587
82351
96589
82361
96601
82373
96643
82387
96661
82393
82421
96667
82457
96671
82463
96697
82469
96703
82471
96731
82483
82487
96737
82493
96739
82499
96749
82507
96757
82529
96763
82531
96769
82549
82559
96779
82561
96787
82567
96797
82571
96799
82591
96821
82601
96823
82609
82613
96827
82619
96847
82633
96851
82651
96857
82657
96893
82699
96907
82721
82723
96911
82727
96931
82729
96953
82757
96959
82759
96973
82763
96979
82781
82787
96989
82793
96997
82799
97001
82811
97003
82813
97007
82837
82847
97021
82883
97039
82889
97073
82891
97081
82903
97103
82913
97117
82939
82963
97127
82981
97151
82997
97157
83003
97159
83009
97169
83023
97171
83047
83059
97177
83063
97187
83071
97213
83077
97231
83089
97241
83093
97259
83101
83117
97283
83137
97301
83177
97303
83203
97327
83207
97367
83219
83221
97369
83227
97373
83231
97379
83233
97381
83243
97387
83257
97397
83267
83269
97423
83273
97429
83299
97441
83311
97453
97459
97463
97499
97501
97511
97523
97547
97549
97553
97561
97571
97577
97579
97583
97607
97609
97613
97649
97651
97673
97687
97711
97729
97771
97777
97787
97789
97813
97829
97841
97843
97847
97849
97859
97861
97871
97879
97883
97919
97927
97931
97943
97961
97967
97973
97987
98009
98011
98017
98041
98047
98057
98081
98101
98123
98129
98143
98179
98207
98213
98221
98227
98251
98257
98269
98297
98299
98317
98321
98323
98327
98347
98369
98377
98387
98389
98407
98411
98419
98429
98443
98453
98459
98467
98473
98479
98491
98507
98519
98533
98543
98561
98563
98573
98597
98621
98627
98639
98641
98663
98669
98689
98711
98713
98717
98729
98731
98737
98773
98779
98801
98807
98809
98837
98849
98867
98869
98873
98887
98893
98897
98899
98909
98911
98927
98929
98939
98947
98953
98963
98981
98993
98999
99013
99017
99023
99041
99053
99079
99083
99089
99103
99109
99119
99131
99133
99137
99139
99149
99173
99181
99191
99223
99233
99241
99251
99257
99259
99277
99289
99317
99347
99349
99367
99371
99377
99391
99397
99401
99409
99431
99439
99469
99487
99497
99523
99527
99529
99551
99559
99563
99571
99577
99581
99607
99611
99623
99643
99661
99667
99679
99689
99707
99709
99713
99719
99721
99733
99761
99767
99787
99793
99809
99817
99823
99829
99833
99839
99859
99871
99877
99881
99901
99907
99923
99929
99961
99971
99989
99991
