2
3
5
7
11
13
17
19
23
29
31
37
41
43
47
53
59
16673
61
67
71
73
33343
16691
50021
83339
16693
79
83
89
97
101
103
107
109
113
127
131
137
139
66683
33347
50023
149
151
157
163
167
173
179
181
191
193
197
199
211
223
227
229
233
239
241
251
257
263
269
16699
66697
83341
16703
50033
33349
271
277
281
283
293
307
311
313
317
331
337
347
16729
349
353
359
367
373
379
383
389
33353
16741
66701
397
401
409
83357
33359
419
421
431
50047
433
439
443
449
457
16747
461
463
467
479
487
491
499
503
16759
33377
509
521
523
541
66713
83383
547
557
563
16763
33391
569
50051
571
577
587
593
599
16787
601
607
613
33403
66721
617
619
631
641
643
647
653
83389
33409
659
661
50053
673
677
683
16811
691
701
66733
709
719
16823
33413
727
50069
733
739
743
751
757
761
769
773
787
797
809
811
16829
66739
821
823
33427
50077
827
829
83399
839
853
857
16831
33457
859
66749
16843
50087
863
877
881
883
887
907
16871
33461
911
919
929
937
941
947
953
967
50093
16879
83401
971
977
983
16883
991
997
1009
1013
1019
66751
50101
16889
33469
16901
16903
83407
33479
50111
16921
1021
66763
1031
16927
1033
33487
1039
1049
1051
16931
1061
1063
33493
83417
50119
1069
66791
1087
1091
33503
1093
1097
1103
1109
16937
1117
1123
1129
1151
1153
33521
16943
1163
1171
1181
1187
1193
50123
33529
83423
16963
1201
66797
1213
1217
16979
1223
1229
33533
50129
16981
1231
1237
1249
1259
1277
1279
1283
16987
1289
33547
1291
16993
1297
1301
1303
50131
83431
1307
1319
1321
1327
33563
17011
1361
1367
50147
1373
1381
66809
1399
1409
33569
83437
17021
1423
1427
1429
1433
1439
1447
1451
1453
1459
33577
17027
1471
1481
1483
1487
1489
1493
66821
83443
50153
1499
1511
1523
1531
1543
1549
1553
1559
1567
1571
1579
1583
1597
1601
1607
66841
17029
83449
1609
1613
1619
1621
17033
50159
1627
1637
17041
1657
1663
1667
1669
17047
33581
83459
66851
17053
1693
50177
1697
1699
1709
1721
1723
1733
33587
1741
1747
1753
1759
1777
1783
83471
50207
17077
66853
1787
1789
17093
1801
1811
1823
1831
1847
17099
1861
1867
50221
1871
17107
83477
1873
33589
66863
1877
1879
1889
1901
1907
1913
1931
1933
1949
50227
33599
1951
1973
1979
17117
1987
66877
33601
1993
83497
1997
50231
1999
2003
33613
2011
2017
2027
2029
17123
66883
33617
50261
17137
2039
2053
2063
17159
2069
33619
2081
17167
83537
50263
2083
2087
33623
66889
2089
2099
2111
17183
2113
33629
50273
2129
2131
17189
2137
2141
2143
2153
17191
2161
33637
2179
66919
2203
2207
17203
83557
2213
17207
33641
2221
2237
17209
2239
2243
66923
2251
17231
50287
2267
2269
33647
17239
2273
83561
2281
17257
2287
2293
2297
17291
2309
33679
50291
2311
66931
2333
2339
2341
2347
2351
2357
2371
2377
33703
50311
83563
66943
33713
50321
33721
66947
50329
83579
17293
2381
2383
2389
50333
66949
2393
33739
2399
2411
2417
2423
2437
17299
2441
2447
33749
50341
17317
2459
83591
2467
17321
33751
17327
17333
33757
50359
17341
17351
83597
2473
2477
33767
66959
17359
2503
2521
2531
2539
2543
33769
2549
50363
2551
2557
2579
2591
2593
2609
33773
2617
83609
66973
17377
2621
50377
2633
2647
33791
2657
17383
2659
2663
2671
2677
17387
2683
33797
50383
2687
66977
2689
17389
2693
83617
2699
2707
33809
17393
2711
2713
2719
50387
2729
17401
33811
2731
67003
2741
17417
2749
2753
2767
33827
2777
17419
2789
83621
2791
2797
50411
2801
17431
33829
67021
2803
2819
17443
2833
2837
2843
2851
17449
33851
50417
2857
2861
17467
2879
83639
67033
2887
33857
17471
2897
50423
2903
17477
2909
2917
33863
2927
2939
17483
2953
67043
2957
2963
2969
17489
83641
50441
2971
33871
2999
3001
17491
3011
3019
3023
3037
17497
3041
33889
3049
50459
3061
3067
17509
67049
3079
33893
83653
17519
3083
3089
3109
50461
3119
17539
3121
3137
33911
3163
17551
3167
67057
3169
3181
50497
3187
17569
33923
83663
3191
3203
17573
3209
3217
3221
50503
67061
3229
33931
17579
3251
3253
3257
3259
17581
3271
83689
50513
3299
33937
67073
3301
17597
3307
3313
3319
17599
3323
50527
3329
33941
3331
3343
17609
3347
3359
83701
67079
17623
3361
33961
3371
50539
17627
3373
3389
3391
17657
33967
50543
17659
3407
83717
3413
33997
67103
17669
3433
3449
3457
17681
50549
3461
34019
3463
17683
3467
3469
3491
17707
3499
34031
3511
67121
3517
17713
50551
3527
83719
17729
3529
34033
3533
3539
17737
3541
3547
3557
3559
17747
50581
67129
3571
34039
3581
17749
3583
3593
3607
3613
17761
83737
3617
34057
3623
50587
3631
17783
3637
67139
3643
3659
34061
17789
3671
3673
3677
3691
17791
50591
3697
3701
83761
34123
17807
3709
3719
67141
3727
3733
17827
3739
3761
3767
50593
34127
3769
17837
3779
3793
3797
3803
17839
3821
3823
34129
3833
3847
83773
17851
67153
3851
50599
3853
3863
17863
3877
34141
17881
3881
3889
3907
3911
50627
3917
67157
34147
17891
3919
3923
83777
3929
3931
17903
3943
34157
3947
3967
50647
3989
17909
4001
4003
67169
4007
4013
17911
4019
4021
4027
4049
4051
50651
4057
17921
4073
83791
34159
4079
17923
4091
67181
50671
17929
34171
4093
4099
17939
4111
4127
4129
4133
17957
4139
34183
50683
83813
4153
67187
4157
17959
4159
4177
4201
4211
34211
17971
4217
4219
50707
4229
17977
4231
34213
4241
67189
4243
17981
83833
4253
4259
50723
34217
4261
17987
4271
4273
17989
4283
4289
34231
18013
4297
67211
4327
50741
18041
4337
83843
4339
34253
4349
18043
4357
4363
4373
18047
4391
34259
4397
50753
4409
18049
67213
4421
4423
34261
4441
4447
4451
83857
18059
4457
50767
4463
4481
18061
4483
34267
4493
4507
4513
18077
4517
67217
4519
4523
50773
4547
34273
4549
18089
4561
4567
4583
4591
18097
83869
50777
34283
4597
4603
18119
67219
4621
4637
18121
4639
34297
50789
4643
4649
18127
4651
4657
4663
67231
34301
18131
4673
83873
50821
4679
18133
4691
4703
34303
4721
18143
4723
50833
4729
4733
67247
18149
4751
34313
4759
4783
18169
50839
4787
83891
4789
18181
4793
34319
4799
4801
4813
50849
4817
18191
4831
67261
4861
34327
4871
18199
4877
4889
50857
4903
18211
4909
34337
4919
83903
4931
18217
4933
4937
50867
4943
67271
18223
4951
34351
4957
4967
18229
4969
50873
4973
4987
18233
34361
4993
4999
5003
83911
5009
18251
67273
50891
5011
18253
34367
5021
5023
5039
18257
5051
5059
5077
34369
67289
18269
5081
50893
5087
5099
18287
34381
5101
83921
5107
18289
5113
50909
5119
5147
67307
5153
34403
18301
5167
5171
5179
50923
5189
18307
5197
34421
5209
83933
18311
5227
5231
67339
5233
34429
5237
18313
5261
50929
5273
5279
18329
5281
34439
18341
67343
50951
34457
18353
34469
18367
50957
67349
18371
34471
18379
50969
34483
18397
67369
34487
18401
5297
50971
5303
83939
5309
5323
18413
34499
5333
5347
18427
5351
50989
5381
18433
67391
5387
34501
18439
5393
5399
83969
5407
5413
50993
18443
5417
5419
34511
5431
18451
5437
5441
67399
5443
5449
18457
5471
34513
51001
5477
5479
18461
5483
5501
5503
5507
83983
34519
5519
67409
5521
18481
5527
51031
5531
5557
18493
5563
34537
5569
5573
18503
5581
67411
5591
5623
34543
5639
83987
5641
5647
5651
34549
5653
67421
51043
5657
18517
5659
34583
5669
18521
5683
5689
5693
67427
18523
5701
84011
34589
5711
51047
5717
18539
5737
5741
5743
18541
34591
5749
67429
5779
18553
5783
51059
5791
5801
34603
18583
5807
84017
5813
5821
67433
18587
5827
34607
51061
18593
5839
5843
5849
18617
5851
67447
5857
34613
5861
18637
5867
51071
5869
84047
5879
18661
5881
34631
5897
67453
5903
18671
5923
5927
5939
18679
5953
51109
5981
34649
18691
67477
5987
6007
84053
6011
18701
6029
34651
6037
18713
51131
6043
67481
6047
18719
6053
34667
6067
18731
6073
6079
51133
6089
18743
34673
6091
84059
67489
6101
18749
6113
6121
34679
6131
18757
51137
6133
6143
6151
18773
6163
67493
34687
6173
51151
6197
18787
6199
84061
6203
6211
18793
34693
6217
51157
6221
6229
18797
6247
67499
6257
34703
6263
18803
51169
6269
6271
6277
18839
84067
34721
6287
6299
51193
18859
6301
6311
67511
6317
18869
34729
6323
6329
51197
18899
6337
6343
34739
6353
18911
84089
6359
6361
67523
18913
6367
51199
6373
34747
6379
18917
6389
6397
18919
6421
67531
6427
34757
6449
51203
18947
6451
84121
6469
18959
6473
6481
34759
18973
6491
6521
18979
51217
67537
19001
6529
34763
6547
19009
6551
6553
19013
6563
84127
34781
6569
19031
6571
51229
6577
67547
6581
19037
6599
34807
6607
6619
19051
6637
84131
51239
6653
34819
19069
6659
6661
67559
6673
19073
6679
34841
6689
19079
51241
84137
6691
6701
19081
6703
34843
6709
19087
6719
67567
6733
51257
6737
19121
6761
34847
84143
6763
19139
6779
6781
19141
6791
6793
51263
19157
34849
67577
6803
6823
19163
6827
34871
6829
84163
6833
51283
6841
19181
6857
6863
34877
67579
19183
6869
6871
6883
19207
6899
51287
34883
6907
19211
6911
6917
84179
19213
6947
67589
34897
6949
19219
6959
51307
6961
6967
19231
6971
6977
19237
34913
6983
84181
67601
51329
6991
19249
6997
7001
19259
34919
7013
7019
19267
7027
51341
19273
34939
7039
67607
7043
19289
84191
7057
34949
7069
19301
7079
51343
7103
34961
7109
19309
7121
7127
34963
67619
7129
19319
7151
7159
51347
7177
19333
84199
7187
34981
7193
19373
7207
7211
67631
7213
19379
51349
7219
35023
7229
19381
7237
84211
7243
7247
19387
35027
51361
19391
67651
35051
19403
35053
19417
51383
7253
84221
7283
19421
7297
35059
7307
67679
7309
19423
7321
7331
7333
7349
51407
19427
19429
84223
7351
67699
7369
7393
51413
7411
7417
7433
7451
7457
7459
51419
7477
84229
7481
7487
7489
67709
7499
7507
51421
7517
7523
7529
7537
7541
84239
7547
51427
7549
35069
19433
7559
67723
7561
19441
7573
51431
35081
7577
19447
7583
7589
84247
19457
35083
67733
19463
19469
35089
19471
84263
67741
19477
7591
51437
7603
19483
35099
7607
19489
7621
7639
19501
7643
35107
7649
51439
19507
67751
7669
19531
35111
84299
7673
19541
7681
35117
7687
51449
19543
7691
7699
35129
7703
19553
67757
7717
7723
35141
19559
7727
84307
51461
7741
19571
35149
7753
7757
7759
19577
35153
7789
67759
7793
51473
19583
7817
35159
7823
19597
7829
84313
35171
7841
19603
7853
51479
7867
67763
7873
19609
7877
35201
7879
7883
19661
7901
51481
84317
35221
7907
19681
7919
67777
7927
19687
7933
51487
35227
7937
19697
7949
7951
7963
51503
19699
35251
7993
84319
8009
19709
8011
67783
8017
19717
8039
35257
51511
8053
8059
19727
8069
67789
8081
19739
35267
8087
8089
51517
19751
84347
8093
67801
19753
8101
35279
8111
8117
19759
51521
8123
35281
8147
19763
8161
8167
84349
67807
19777
8171
35291
8179
51539
8191
19793
8209
8219
35311
19801
8221
8231
67819
19813
51551
8233
84377
8237
35317
19819
8243
8263
8269
19841
67829
8273
35323
51563
19843
8287
19853
8291
35327
84389
8293
19861
67843
8297
51577
8311
19867
8317
35339
8329
19889
8353
35353
8363
19891
67853
8369
51581
84391
8377
35363
19913
8387
8389
19919
8419
35381
8423
19927
67867
8429
51593
8431
19937
35393
8443
8447
84401
8461
19949
8467
8501
8513
35401
51599
19961
67883
8521
8527
19963
8537
35407
8539
19973
8543
51607
8563
84407
19979
8573
35419
67891
8581
19991
8597
8599
8609
19993
8623
51613
35423
8627
8629
19997
8641
8647
8663
67901
84421
20011
35437
51631
20021
35447
20023
67927
35449
20029
51637
35461
84431
20047
67931
35491
20051
8669
51647
20063
8677
8681
35507
20071
8689
67933
8693
20089
8699
84437
51659
35509
8707
20101
8713
20107
8719
35521
20113
8731
67939
8737
20117
51673
8741
20123
8747
35527
84443
20129
8753
8761
20143
8779
51679
35531
8783
67943
8803
20147
8807
8819
8821
20149
35533
8831
8837
51683
84449
8839
20161
8849
67957
20173
20177
51691
20183
67961
20201
20219
84457
20231
51713
67967
20233
8861
35537
8863
20249
8867
51719
8887
20261
8893
35543
84463
8923
20269
51721
67979
8929
8933
35569
20287
8941
8951
51749
20297
8963
8969
35573
20323
8971
84467
51767
8999
67987
20327
9001
35591
9007
20333
9011
51769
9013
20341
9029
35593
9041
20347
51787
67993
84481
35597
20353
20357
68023
35603
51797
9043
20359
9049
84499
35617
9059
20369
9067
51803
9091
68041
20389
9103
35671
9109
20393
9127
51817
9133
20399
35677
9137
84503
68053
9151
20407
9157
9161
51827
35729
20411
9173
9181
20431
9187
84509
9199
35731
68059
9203
20441
51829
9209
9221
20443
9227
35747
9239
51839
20477
9241
9257
68071
20479
35753
84521
9277
51853
20483
9281
9283
35759
20507
9293
68087
9311
20509
51859
9319
35771
9323
84523
20521
9337
9341
20533
9343
35797
51869
9349
68099
20543
9371
9377
84533
20549
35801
9391
51871
9397
20551
9403
9413
68111
20563
35803
51893
9419
9421
20593
9431
9433
84551
51899
35809
9437
20599
9439
68113
9461
20611
9463
35831
51907
9467
20627
9473
9479
20639
35837
9491
84559
9497
68141
9511
20641
9521
9533
35839
9539
20663
9547
9551
9587
20681
9601
35851
9613
9619
68147
51913
9623
84589
20693
9629
35863
9631
20707
9643
51929
9649
20717
9661
35869
68161
9677
20719
51941
9679
84629
20731
35879
9689
9697
51949
20743
9719
35897
9721
68171
20747
9733
51971
9739
20749
9743
35899
84631
9749
20753
9767
51973
9769
35911
68207
20759
9781
9787
51977
20771
9791
35923
9803
20773
9811
84649
51991
9817
20789
9829
68209
35933
9833
20807
9839
9851
9857
20809
35951
9859
9871
9883
20849
84653
9887
68213
9901
35963
9907
20857
9923
9929
9931
20873
9941
35969
9949
9967
20879
9973
68219
10007
10009
84659
35977
20887
52009
10037
20897
10039
10061
20899
35983
10067
20903
68227
52021
10069
20921
10079
35993
20929
84673
10091
20939
10093
52027
20947
10099
68239
35999
20959
10103
10111
20963
10133
36007
52051
84691
10139
20981
10141
20983
10151
68261
36011
10159
21001
10163
52057
10169
21011
10177
36013
10181
10193
21013
84697
10211
68279
10223
52067
21017
36017
10243
21019
10247
10253
36037
21023
10259
84701
52069
10267
21031
68281
10271
36061
10273
21059
10289
10301
52081
84713
36067
21061
10303
10313
68311
21067
10321
36073
10331
52103
21089
10333
84719
10337
21101
36083
10343
10357
68329
21107
52121
10369
36097
10391
21121
84731
10399
21139
10427
10429
52127
21143
10433
36107
68351
10453
21149
10457
52147
10459
36109
21157
10463
84737
10477
21163
52153
10487
36131
10499
68371
21169
10501
10513
52163
21179
36137
10529
21187
10531
84751
52177
10559
68389
10567
36151
21191
10589
52181
10597
21193
10601
36161
10607
21211
52183
10613
68399
84761
10627
21221
36187
10631
10639
10651
36191
10657
68437
10663
10667
36209
10687
10691
84787
10709
36217
10711
68443
10723
52189
10729
21227
10733
36229
10739
10753
21247
10771
10781
36241
10789
52201
84793
10799
21269
68447
10831
36251
10837
21277
52223
10847
10853
21283
36263
10859
52237
10861
68449
84809
21313
10867
10883
36269
10889
21317
10891
10903
52249
10909
21319
10937
36277
10939
68473
21323
10949
10957
84811
10973
21341
36293
52253
10979
21347
10987
36299
10993
68477
21377
11003
11027
52259
36307
21379
84827
11047
11057
21383
68483
52267
36313
11059
21391
11069
11071
21397
52289
36319
11083
11087
21401
84857
11093
68489
52291
36341
21407
11113
11117
21419
11119
52301
36343
11131
21433
11149
68491
11159
84859
21467
36353
52313
11161
21481
11171
21487
11173
36373
11177
68501
52321
11197
11213
36383
84869
11239
52361
11243
68507
11251
36389
11257
52363
11261
11273
36433
68521
21491
84871
52369
21493
11279
36451
11287
21499
11299
52379
68531
11311
21503
36457
11317
84913
11321
21517
52387
11329
36467
21521
11351
11353
52391
68539
21523
11369
36469
11383
21529
11393
52433
84919
11399
21557
36473
11411
68543
52453
11423
21559
11437
36479
11443
21563
52457
11447
21569
11467
84947
36493
11471
21577
52489
11483
68567
11489
21587
36497
11491
52501
11497
21589
11503
36523
11519
21599
84961
52511
68581
11527
21601
11549
36527
11551
21611
52517
11579
21613
36529
11587
68597
84967
11593
52529
21617
11597
36541
11617
11621
52541
11633
36551
68611
11657
21647
11677
84977
11681
52543
21649
36559
11689
11699
21661
11701
52553
68633
36563
11717
21673
11719
84979
11731
21683
36571
11743
52561
21701
11777
68639
11779
21713
11783
36583
84991
11789
52567
21727
11801
11807
21737
36587
11813
68659
11821
85009
21739
52571
11827
36599
11831
21751
11833
21757
11839
36607
68669
52579
85021
11863
21767
11867
11887
36629
21773
11897
52583
11903
21787
11909
85027
36637
68683
11923
21799
11927
11933
11939
52609
21803
36643
11941
11953
21817
11959
68687
36653
21821
11969
85037
52627
11971
21839
11981
21841
36671
11987
21851
12007
21859
68699
12011
36677
52631
12037
21863
85049
12041
21871
36683
52639
12043
12049
21881
68711
12071
36691
52667
12073
21893
12097
85061
21911
12101
36697
52673
12107
68713
21929
12109
36709
52691
12113
21937
12119
12143
21943
36713
52697
85081
12149
68729
21961
12157
12161
52709
36721
21977
12163
12197
21991
12203
36739
68737
12211
52711
85087
21997
12227
12239
12241
22003
36749
12251
12253
22013
12263
52721
12269
68743
36761
12277
22027
12281
85091
22031
36767
12289
52727
22037
12301
22039
68749
12323
36779
22051
12329
85093
22063
12343
52733
36781
22067
12347
68767
12373
12377
36787
52747
12379
85103
12391
36791
22073
52757
12401
68771
22079
12409
22091
36793
12413
85109
22093
12421
52769
22109
12433
36809
12437
68777
22111
12451
36821
12457
52783
22123
12473
36833
85121
12479
22129
12487
36847
68791
22133
52807
12491
36857
22147
12497
12503
22153
36871
12511
85133
52813
12517
22157
68813
36877
12527
22159
12539
52817
12541
36887
22171
12547
12553
52837
85147
22189
68819
12569
36899
12577
22193
52859
12583
12589
22229
36901
12601
52861
22247
12611
68821
85159
12613
36913
22259
12619
52879
12637
22271
12641
36919
22273
52883
68863
12647
22277
12653
36923
85193
52889
12659
22279
12671
36929
22283
12689
52901
68879
12697
22291
12703
36931
52903
22303
85199
12713
12721
22307
36943
68881
52919
12739
22343
12743
36947
12757
22349
52937
12763
85201
22367
36973
12781
68891
52951
22369
12791
36979
12799
22381
52957
12809
85213
12821
22391
36997
68897
12823
22397
12829
52963
22409
12841
37003
22433
12853
22441
12889
85223
68899
37013
12893
22447
52967
12899
22453
12907
37019
22469
12911
22481
12917
68903
52973
12919
37021
85229
22483
12923
22501
12941
37039
12953
22511
52981
12959
22531
68909
12967
22541
37049
12973
85237
22543
12979
52999
22549
12983
37057
22567
13001
68917
13003
22571
37061
13007
22573
53003
13009
85243
22613
13033
37087
22619
13037
68927
53017
22621
13043
37097
13049
22637
13063
53047
85247
13093
37117
22639
68947
13099
53051
13103
22643
37123
13109
22651
13121
13127
22669
68963
85259
37139
22679
22691
37159
22697
68993
22699
22709
37171
85297
22717
69001
22721
37181
22727
53069
13147
69011
13151
22739
37189
13159
85303
22741
13163
53077
13171
37199
69019
22751
13177
13183
22769
37201
13187
53087
69029
13217
22777
85313
13219
37217
22783
13229
53089
13241
69031
22787
13249
37223
13259
22807
13267
85331
69061
37243
22811
13291
53093
13297
22817
13309
37253
13313
22853
69067
53101
13327
22859
13331
37273
85333
13337
22861
69073
13339
53113
37277
13367
22871
13381
22877
13397
69109
37307
53117
13399
85361
22901
13411
13417
37309
53129
22907
13421
69119
13441
22921
37313
53147
13451
22937
85363
13457
22943
13463
37321
22961
13469
69127
53149
22963
13477
37337
13487
22973
13499
85369
22993
53161
13513
69143
37339
13523
23003
13537
13553
13567
23011
37357
53171
13577
23017
69149
13591
85381
37361
23021
13597
53173
13613
23027
69151
13619
37363
23029
13627
13633
53189
23039
37369
13649
13669
23041
13679
37379
53197
13681
23053
13687
37397
13691
69163
85411
23057
53201
13693
37409
23059
13697
23063
13709
37423
13711
53231
23071
69191
13721
23081
85427
13723
37441
23087
13729
53233
23099
13751
23117
37447
69193
13757
23131
13759
53239
23143
13763
85429
37463
23159
13781
13789
13799
23167
69197
53267
13807
37483
23173
13829
23189
13831
85439
23197
37489
13841
53269
23201
69203
13859
23203
13873
37493
23209
13877
53279
13879
23227
13883
85447
37501
69221
13901
23251
13903
53281
23269
37507
13907
13913
85451
23279
13921
69233
37511
53299
13931
23291
13933
23293
37517
13963
85453
13967
53309
23297
69239
13997
37529
23311
13999
85469
14009
23321
53323
37537
14011
23327
14029
69247
14033
37547
23333
85487
53327
14051
23339
14057
37549
14071
23357
69257
14081
53353
85513
37561
23369
14083
37567
14087
23371
69259
53359
85517
14107
23399
14143
37571
14149
23417
14153
53377
85523
37573
69263
14159
23431
14173
23447
14177
37579
53381
14197
85531
23459
14207
69313
37589
14221
23473
14243
53401
14249
23497
37591
14251
85549
23509
69317
14281
53407
14293
37607
23531
14303
14321
23537
69337
37619
14323
53411
23539
14327
85571
14341
23549
37633
69341
14347
23557
14369
53419
37643
14387
23561
69371
14389
23563
85577
14401
37649
53437
14407
23567
69379
14411
37657
23581
14419
53441
14423
23593
69383
37663
14431
85597
23599
14437
14447
53453
23603
37691
69389
14449
23609
14461
23623
37693
14479
85601
23627
53479
14489
23629
69401
37699
14503
23633
14519
23663
53503
14533
37717
23669
14537
85607
14543
69403
23671
14549
37747
53507
14551
23677
14557
85619
37781
23687
14561
69427
14563
53527
23689
14591
37783
14593
23719
85621
14621
53549
23741
37799
14627
69431
23743
14629
53551
14633
37811
85627
23747
14639
14653
23753
37813
69439
14657
53569
23761
14669
85639
14683
23767
37831
14699
53591
14713
69457
23773
37847
14717
85643
23789
14723
53593
23801
14731
37853
14737
23813
14741
53597
85661
37861
14747
69463
23819
14753
23827
14759
37871
53609
14767
85667
23831
14771
37879
69467
14779
23833
53611
14783
23857
14797
37889
23869
69473
37897
14813
23873
85669
53617
14821
23879
14827
37907
14831
23887
69481
53623
14843
37951
14851
85691
23893
14867
37957
23899
14869
53629
69491
14879
23909
14887
37963
85703
14891
23911
53633
14897
37967
23917
14923
69493
14929
85711
23929
14939
53639
37987
23957
14947
69497
14951
23971
37991
14957
53653
85717
23977
14969
37993
69499
14983
23981
15013
53657
23993
15017
37997
69539
15031
24001
85733
15053
53681
38011
24007
15061
15073
24019
53693
38039
69557
15077
24023
15083
85751
15091
38047
24029
53699
15101
24043
15107
38053
69593
15121
24049
38069
15131
53717
15137
24061
85781
38083
15139
69623
24071
15149
53719
38113
15161
24077
15173
38119
24083
15187
53731
85793
15193
69653
38149
24091
15199
15217
24097
38153
15227
53759
24103
15233
69661
15241
38167
85817
24107
15259
53773
24109
15263
38177
15269
24113
69677
15271
15277
85819
38183
53777
24121
15287
15289
24133
15299
38189
15307
69691
15313
24137
53783
15319
15329
38197
24151
85829
15331
15349
24169
15359
53791
38201
69697
15361
24179
15373
15377
15383
24181
38219
53813
85831
15391
24197
15401
69709
38231
24203
53819
15413
15427
24223
38237
15439
53831
85837
24229
15443
69737
15451
38239
24239
53849
15461
24247
38261
24251
69739
85843
53857
15467
38273
24281
15473
24317
15493
53861
38281
15497
24329
69761
15511
53881
85847
15527
38287
24337
15541
53887
24359
15551
38299
69763
15559
24371
53891
15569
38303
85853
15581
24373
15583
53897
69767
24379
15601
38317
15607
24391
53899
15619
38321
24407
15629
85889
53917
69779
15641
24413
38327
15643
24419
15647
53923
15649
38329
24421
15661
69809
53927
85903
24439
15667
38333
15671
24443
53939
15679
38351
24469
69821
15683
53951
24473
15727
85909
38371
15731
24481
15733
53959
15737
69827
15739
38377
24499
15749
15761
24509
53987
85931
38393
15767
69829
24517
15773
15787
24527
38431
53993
15791
85933
24533
15797
38447
69833
15803
24547
38449
54001
15809
24551
15817
38453
24571
15823
69847
85991
38459
54011
15859
24593
38461
15877
24611
15881
38501
54013
69857
15887
24623
38543
15889
85999
24631
15901
54037
24659
15907
38557
69859
15913
15919
54049
15923
24671
38561
86011
15937
24677
15959
69877
38567
54059
24683
15971
86017
15973
24691
38569
15991
54083
24697
69899
16001
38593
86027
16007
24709
16033
54091
38603
24733
16057
69911
16061
24749
86029
38609
16063
54101
24763
16067
16069
38611
24767
69929
16073
86069
24781
54121
16087
38629
16091
24793
16097
86077
38639
24799
69931
54133
16103
24809
16111
38651
16127
24821
86083
54139
16139
69941
38653
24841
16141
16183
24847
54151
86111
24851
69959
24859
54163
24877
86113
24889
38669
54167
24907
69991
38671
24917
86117
38677
54181
24919
38693
24923
69997
86131
38699
54193
24943
38707
24953
38711
70001
24967
54217
24971
38713
24977
54251
38723
24979
70003
24989
38729
54269
25013
38737
25031
54277
25033
38747
86137
16187
70009
25037
16189
54287
38749
16193
25057
16217
54293
16223
25073
70019
38767
86143
16229
25087
16231
54311
16249
25097
38783
16253
54319
70039
25111
16267
38791
86161
16273
25117
54323
16301
25121
38803
16319
70051
54331
16333
25127
38821
16339
86171
54347
25147
16349
16361
38833
25153
70061
16363
54361
16369
25163
38839
16381
54367
86179
25169
16411
38851
70067
16417
25171
54371
16421
25183
16427
38861
54377
16433
25189
86183
70079
16447
38867
25219
54401
16451
16453
25229
38873
54403
16477
25237
70099
16481
86197
38891
16487
25243
16493
38903
25247
16519
70111
16529
25253
54409
38917
16547
86201
25261
16553
54413
38921
16561
25301
70117
16567
54419
38923
25303
16573
86209
16603
25307
54421
38933
16607
70121
25309
16619
54437
38953
25321
16631
16633
86239
54443
25339
38959
70123
16649
25343
16651
38971
54449
25349
16657
16661
70139
25357
86243
38977
54469
25367
38993
70141
25373
54493
25391
39019
86249
70157
25409
39023
54497
25411
70163
25423
39041
86257
54499
25439
39043
54503
25447
86263
70177
25453
39047
54517
25457
54521
39079
86269
25463
70181
25469
39089
54539
25471
86287
70183
39097
25523
54541
25537
39103
70199
25541
39107
54547
25561
86291
70201
39113
25577
39119
25579
54559
70207
39133
25583
86293
39139
25589
54563
70223
39157
25601
25603
70229
39161
54577
86297
25609
25621
39163
70237
25633
54581
25639
39181
25643
70241
86311
25657
54583
39191
25667
25673
70249
25679
39199
54601
25693
86323
70271
25703
39209
25717
54617
25733
39217
70289
25741
86341
39227
54623
25747
39229
70297
25759
39233
54629
25763
86351
70309
39239
25771
39241
54631
25793
70313
39251
25799
86353
39293
54647
25801
70321
39301
25819
39313
25841
70327
54667
39317
86357
25847
70351
25849
39323
54673
25867
25873
39341
70373
25889
86369
54679
25903
39343
25913
70379
39359
54709
25919
39367
86371
25931
39371
70381
54713
25933
39373
25939
39383
54721
25943
86381
70393
39397
25951
54727
25969
39409
86389
54751
25981
70423
39419
25997
54767
86399
25999
39439
54773
70429
26003
39443
86413
54779
26017
26021
39451
70439
54787
26029
26041
86423
39461
54799
26053
26083
70451
39499
54829
26099
26107
39503
86441
26111
54833
26113
70457
39509
26119
54851
26141
39511
26153
54869
86453
70459
26161
26171
39521
54877
26177
26183
54881
39541
70481
26189
86461
26203
54907
39551
26209
26227
70487
54917
39563
26237
86467
26249
54919
39569
26251
26261
70489
54941
26263
39581
26267
86477
54949
26293
39607
26297
70501
54959
26309
39619
26317
54973
86491
39623
70507
39631
54979
39659
54983
70529
86501
26321
39667
55001
26339
39671
26347
55009
70537
26357
39679
86509
26371
55021
26387
39703
55049
26393
70549
39709
26399
86531
55051
39719
26407
39727
70571
55057
26417
39733
26423
55061
86533
39749
26431
70573
39761
55073
26437
39769
26449
55079
39779
86539
70583
26459
55103
39791
26479
39799
55109
26489
70589
39821
86561
26497
55117
39827
26501
26513
39829
70607
55127
26539
86573
39839
55147
26557
39841
70619
26561
55163
39847
26573
86579
39857
55171
26591
39863
70621
26597
55201
39869
26627
86587
26633
70627
26641
55207
26647
26669
86599
70639
26681
39877
55213
26683
70657
39883
26687
86627
55217
39887
70663
55219
39901
86629
26693
39929
55229
70667
26699
39937
55243
26701
70687
86677
26711
39953
55249
26713
70709
39971
26717
86689
55259
70717
26723
39979
26729
86693
55291
39983
70729
26731
39989
26737
70753
55313
86711
26759
40009
55331
26777
70769
40013
26783
55333
86719
70783
26801
40031
55337
26813
70793
40037
26821
55339
86729
26833
40039
26839
55343
70823
26849
40063
26861
55351
26863
86743
40087
26879
55373
70841
26881
40093
26891
55381
26893
86753
40099
26903
70843
55399
26921
26927
40111
55411
26947
70849
26951
40123
55439
86767
26953
26959
40127
55441
26981
70853
40129
26987
86771
26993
40151
55457
27011
40153
27017
70867
27031
55469
40163
86783
27043
70877
40169
27059
55487
40177
27061
70879
40189
86813
27067
40193
55501
70891
27073
40213
27077
40231
70901
55511
86837
27091
40237
27103
70913
40241
55529
27107
40253
86843
27109
70919
40277
55541
27127
40283
70921
27143
40289
55547
86851
27179
70937
40343
27191
55579
86857
40351
70949
27197
27211
55589
40357
70951
86861
27239
40361
27241
55603
70957
86869
27253
40387
27259
70969
55609
40423
27271
86923
27277
70979
40427
55619
27281
86927
40429
70981
27283
55621
27299
40433
86929
70991
27329
55631
40459
27337
70997
86939
27361
40471
55633
70999
27367
40483
55639
27397
71011
40487
27407
55661
27409
40493
71023
86951
55663
27427
27431
40499
27437
71039
55667
27449
40507
27457
86959
71059
27479
40519
55673
27481
27487
71069
40529
27509
55681
86969
27527
71081
40531
27529
27539
55691
40543
71089
86981
55697
40559
71119
55711
40577
71129
55717
86993
40583
55721
71143
40591
55733
87011
71147
27541
40597
27551
55763
40609
27581
27583
40627
71153
87013
27611
55787
40637
27617
40639
71161
27631
87037
55793
40693
27647
40697
27653
27673
55799
40699
71167
27689
40709
87041
27691
55807
27697
40739
27701
71171
40751
27733
55813
27737
40759
87049
27739
40763
71191
27743
55817
27749
40771
27751
40787
87071
27763
55819
71209
27767
40801
27773
40813
27779
55823
27791
40819
87083
71233
27793
40823
27799
55829
40829
27803
71237
27809
40841
87103
55837
27817
40847
27823
40849
27827
71249
55843
27847
40853
87107
27851
40867
27883
55849
27893
71257
40879
27901
40883
27917
87119
55871
27919
40897
71261
27941
40903
27943
55889
27947
87121
27953
71263
40927
27961
55897
40933
87133
40939
71287
55901
40949
27967
87149
27983
40961
55903
71293
27997
40973
28001
28019
55921
87151
28027
71317
28031
28051
55927
87179
28057
28069
71327
40993
55931
28081
28087
87181
41011
28097
55933
71329
28099
41017
87187
28109
55949
41023
28111
71333
87211
28123
41039
55967
28151
41047
71339
87221
28163
55987
28181
41051
28183
87223
71341
55997
41057
28201
41077
28211
87251
56003
71347
28219
41081
28229
87253
56009
41113
28277
71353
28279
41117
56039
87257
28283
71359
41131
28289
56041
87277
28297
41141
28307
71363
56053
41143
87281
28309
28319
56081
41149
71387
87293
28349
41161
28351
56087
87299
71389
28387
41177
56093
28393
71399
56099
41179
87313
28403
41183
56101
28409
41189
71411
87317
28411
56113
41201
28429
56123
41203
28433
87323
71413
28439
56131
41213
28447
87337
28463
56149
71419
41221
28477
28493
41227
87359
71429
56167
28499
41231
28513
56171
41233
87383
28517
71437
56179
41243
28537
41257
87403
56197
28541
71443
28547
41263
28549
87407
56207
71453
28559
41269
28571
28573
71471
56209
41281
87421
28579
28591
41299
56237
28597
41333
71473
28603
56239
41341
87427
56249
41351
71479
41357
87433
56263
71483
41381
56267
41387
87443
71503
28607
41389
56269
28619
41399
87473
71527
56299
28621
41411
28627
56311
28631
87481
41413
28643
71537
56333
28649
41443
28657
87491
56359
28661
41453
71549
28663
56369
28669
87509
41467
28687
56377
28697
71551
41479
28703
87511
56383
28711
41491
28723
56393
71563
87517
28729
41507
56401
28751
41513
87523
28753
56417
41519
71569
28759
41521
56431
87539
28771
41539
56437
71593
28789
41543
87541
56443
28793
28807
71597
56453
28813
87547
28817
71633
56467
28837
28843
56473
87553
71647
28859
28867
56477
28871
71663
87557
28879
56479
28901
71671
28909
56489
87559
28921
28927
56501
41549
71693
28933
41579
28949
87583
56503
28961
71699
41593
28979
41597
29009
71707
56509
29017
41603
87587
29021
41609
29023
71711
29027
41611
87589
29033
41617
71713
29059
41621
29063
87613
29077
71719
41627
29101
41641
29123
71741
87623
29129
41647
29131
41651
29137
71761
56519
87629
29147
41659
29153
71777
56527
41669
87631
41681
56531
71789
41687
56533
87641
41719
71807
56543
41729
29167
87643
71809
56569
29173
41737
29179
71821
56591
87649
41759
29191
29201
56597
41761
29207
87671
71837
56599
41771
56611
87679
29209
71843
41777
29221
56629
41801
71849
87683
29231
56633
29243
41809
71861
56659
87691
29251
41813
56663
29269
71867
87697
41843
29287
56671
71879
29297
41849
56681
87701
29303
71881
41851
56687
29311
87719
71887
29327
56701
41863
29333
56711
71899
41879
87721
29339
56713
29347
71909
41887
87739
29363
56731
41893
71917
29383
56737
87743
29387
41897
71933
56747
29389
41903
87751
29399
56767
71941
41911
29401
56773
71947
87767
29411
41927
56779
29423
71963
87793
41941
29429
56783
41947
29437
71971
87797
56807
41953
29443
41957
29453
56809
71983
87803
41959
29473
56813
41969
29483
56821
87811
41981
71987
29501
41983
56827
29527
87833
41999
29531
56843
71993
42013
29537
56857
42017
87853
29567
42019
71999
56873
29569
42023
87869
29573
56891
42043
29581
72019
56893
42061
87877
29587
42071
29599
56897
72031
42073
29611
87881
42083
56909
72043
42089
56911
87887
72047
42101
56921
42131
72053
87911
42139
56923
42157
72073
56929
87917
42169
56941
42179
29629
72077
29633
87931
56951
42181
29641
72089
42187
56957
29663
42193
87943
29669
56963
72091
42197
29671
56983
42209
72101
29683
42221
56989
87959
29717
72103
42223
29723
56993
42227
29741
72109
87961
29753
56999
42239
29759
72139
29761
87973
42257
57037
72161
42281
87977
57041
42283
72167
42293
57047
87991
42299
72169
57059
42307
57073
88001
72173
29789
29803
57077
29819
72211
88003
29833
57089
42323
29837
72221
57097
29851
88007
42331
29863
57107
72223
29867
42337
29873
57119
29879
88019
72227
42349
29881
57131
29917
42359
72229
29921
57139
29927
88037
42373
72251
57143
42379
57149
72253
88069
42391
57163
42397
72269
88079
29947
57173
29959
72271
29983
57179
88093
29989
57191
42403
30011
30013
42407
88117
57193
30029
42409
30047
57203
30059
42433
88129
30071
57221
42437
30089
42443
30091
88169
72277
30097
42451
30103
72287
42457
30109
88177
30113
42461
72307
30119
42463
88211
30133
42467
30137
72313
30139
42473
88223
30161
72337
57223
30169
30181
88237
57241
42487
30187
72341
30197
42491
57251
30203
42499
30211
57259
72353
88241
30223
42509
30241
57269
42533
30253
42557
30259
72367
57271
88259
30269
42569
57283
72379
30271
42571
30293
57287
42577
72383
88261
30307
57301
30313
42589
72421
30319
57329
30323
42611
88289
30341
72431
57331
42641
30347
57347
30367
42643
72461
88301
30389
57349
42649
72467
30391
42667
57367
30403
42677
88321
72469
57373
30427
42683
57383
30431
42689
72481
30449
88327
57389
42697
72493
30467
57397
30469
42701
30491
72497
57413
30493
88337
42703
30497
72503
57427
30509
42709
30517
57457
72533
30529
42719
88339
30539
57467
30553
72547
42727
30557
57487
30559
42737
72551
88379
30577
57493
30593
42743
72559
30631
57503
42751
30637
88397
57527
30643
72577
42767
57529
30649
42773
88411
30661
72613
57557
30671
42787
30677
88423
57559
30689
42793
30697
72617
57571
30703
88427
42797
30707
57587
30713
72623
42821
30727
57593
30757
42829
57601
30763
72643
42839
30773
57637
42841
30781
72647
30803
42853
57641
30809
72649
88463
42859
30817
57649
30829
42863
72661
57653
88469
30839
42899
57667
72671
30841
88471
42901
30851
72673
57679
30853
42923
88493
30859
72679
57689
30869
42929
30871
88499
72689
30881
42937
57697
30893
72701
30911
88513
42943
30931
57709
30937
42953
88523
30941
57713
42961
30949
30971
72707
57719
88547
30977
42967
57727
30983
72719
88589
42979
31013
57731
42989
31019
57737
72727
88591
43003
31033
43013
57751
31039
88607
43019
72733
57773
31051
43037
31063
57781
72739
88609
31069
43049
57787
72763
31079
88643
31081
43051
31091
72767
57791
31121
88651
43063
31123
72797
57793
31139
43067
88657
31147
57803
72817
43093
31151
88661
31153
43103
31159
72823
43117
31177
88663
57809
31181
43133
31183
72859
57829
31189
88667
43151
31193
57839
31219
72869
43159
31223
88681
57847
31231
43177
31237
57853
72871
31247
88721
43189
31249
57859
31253
43201
88729
57881
31259
72883
31267
43207
57899
31271
88741
31277
72889
57901
43223
31307
31319
88747
57917
43237
31321
72893
31327
43261
88771
31333
57923
72901
31337
43271
31357
88789
57943
72907
31379
43283
31387
43291
31391
88793
57947
31393
72911
43313
31397
31469
57973
88799
43319
72923
31477
43321
31481
57977
72931
31489
43331
31511
88801
43391
31513
72937
57991
43397
31517
31531
43399
72949
31541
58013
88807
43403
31543
72953
31547
43411
58027
31567
88811
72959
31573
43427
31583
58031
31601
43441
88813
72973
31607
43451
58043
31627
31643
43457
88817
72977
31649
43481
58049
31657
43487
88819
31663
31667
72997
58057
43499
31687
88843
31699
43517
73009
58061
31721
31723
88853
43541
73013
31727
58067
31729
43543
31741
88861
58073
31751
43573
73019
31769
43577
31771
58099
88867
73037
43579
31793
31799
43591
58109
73039
31817
43597
31847
88873
43607
31849
73043
58111
31859
43609
31873
73061
43613
31883
58129
88883
43627
73063
43633
58147
31891
88897
43649
31907
58151
73079
43651
31957
88903
58153
43661
31963
43669
58169
73091
88919
31973
43691
58171
31981
43711
88937
58189
31991
73121
43717
32003
58193
43721
88951
32009
73127
58199
32027
43753
32029
88969
58207
32051
43759
73133
32057
58211
32059
88993
43777
32063
58217
32069
73141
43781
88997
58229
32077
43783
32083
58231
43787
73181
89003
32089
58237
43789
32099
43793
89009
58243
73189
32117
43801
58271
32119
89017
43853
73237
32141
58309
43867
32143
89021
43889
58313
32159
73243
43891
58321
32173
89041
43913
32183
73259
58337
43933
32189
89051
43943
32191
58363
73277
32203
43951
32213
89057
58367
43961
73291
32233
32237
58369
43963
32251
89069
73303
58379
32257
43969
32261
58391
73309
32297
43973
32299
89071
58393
32303
73327
43987
32309
58403
32321
43991
73331
58411
32323
89083
32327
43997
73351
58417
32341
32353
44017
58427
89087
32359
73361
44021
32363
32369
44027
58439
89101
32371
44029
73363
32377
44041
58441
32381
89107
32401
44053
73369
32411
44059
58451
32413
89113
32423
44071
73379
58453
32429
44087
32441
58477
89119
32443
73387
44089
32467
58481
32479
89123
44101
32491
58511
73417
32497
44111
32503
89137
58537
32507
44119
73421
58543
32531
89153
32533
44123
58549
32537
32561
73433
44129
58567
89189
32563
32569
58573
44131
32573
89203
73453
32579
58579
44159
32587
58601
89209
32603
44171
73459
32609
58603
32611
44179
89213
32621
58613
73471
32633
44189
32647
58631
89227
32653
44201
58657
32687
73477
89231
32693
44203
58661
32707
32713
44207
73483
58679
89237
32717
32719
44221
58687
32749
89261
73517
58693
44249
32771
44257
32779
58699
89269
73523
44263
32783
58711
44267
89273
32789
58727
44269
73529
32797
44273
58733
89293
32801
44279
32803
73547
58741
44281
32831
32833
44293
89303
73553
32839
58757
44351
32843
73561
44357
32869
58763
32887
89317
44371
73571
32909
44381
32911
58771
44383
32917
89329
32933
44389
58787
32939
44417
58789
73583
32941
89363
44449
32957
58831
44453
73589
32969
44483
89371
32971
73597
44491
32983
44497
32987
58889
73607
89381
32993
44501
58897
32999
44507
73609
58901
33013
89387
44519
33023
58907
73613
33029
44531
58909
89393
33037
44533
58913
33049
73637
58921
44537
33053
89399
58937
33071
44543
73643
33073
58943
44549
33083
89413
58963
73651
44563
33091
33107
58967
44579
33113
73673
89417
33119
44587
58979
33149
73679
44617
89431
58991
33151
44621
33161
73681
58997
89443
44623
33179
33181
44633
59009
89449
73693
33191
44641
33199
59011
73699
33203
44647
89459
33211
59021
44651
73709
33223
44657
89477
59023
33247
44683
33287
73721
44687
59029
33289
89491
33301
44699
73727
59051
33311
44701
33317
89501
73751
59053
44711
33329
33331
73757
44729
59063
89513
44741
59069
73771
89519
59077
44753
59083
44771
89521
73783
59093
44773
89527
59107
73819
44777
59113
89533
44789
59119
73823
44797
89561
59123
44809
73847
59141
89563
44819
59149
73849
44839
89567
59159
44843
59167
73859
89591
44851
59183
73867
44867
44879
73877
59197
89597
44887
44893
73883
59207
44909
89599
73897
59209
44917
59219
89603
44927
73907
59221
44939
89611
59233
44953
73939
89627
59239
44959
73943
44963
59243
89633
44971
73951
59263
44983
89653
73961
59273
44987
45007
59281
73973
89657
45013
59333
45053
73999
89659
59341
45061
74017
45077
59351
89669
45083
74021
59357
45119
89671
59359
74027
45121
59369
45127
89681
74047
45131
59377
45137
74051
89689
59387
45139
74071
59393
45161
89753
45179
59399
74077
45181
89759
59407
74093
45191
59417
45197
89767
74099
59419
45233
45247
74101
59441
89779
45259
59443
74131
45263
89783
59447
45281
74143
45289
59453
89797
45293
74149
59467
45307
89809
74159
59471
45317
45319
59473
89819
74161
45329
59497
74167
45337
89821
59509
45341
74177
59513
45343
89833
45361
74189
59539
45377
89839
59557
74197
45389
59561
45403
89849
74201
45413
59567
74203
45427
89867
59581
45433
74209
59611
45439
89891
59617
45481
74219
45491
89897
59621
74231
45497
59627
45503
89899
74257
59629
45523
74279
89909
45533
59651
45541
59659
74287
89917
45553
59663
45557
74293
89923
45569
59669
74297
45587
59671
89939
45589
74311
59693
45599
89959
74317
59699
45613
45631
59707
74323
89963
45641
59723
74353
45659
89977
59729
45667
74357
45673
59743
89983
74363
45677
59747
89989
45691
74377
59753
45697
90001
59771
74381
45707
45737
59779
74383
90007
45751
59791
45757
74411
90011
59797
45763
74413
45767
59809
90017
45779
74419
59833
45817
90019
59863
74441
45821
59879
45823
90023
74449
45827
59887
74453
45833
90031
59921
45841
74471
59929
45853
90053
45863
74489
59951
90059
45869
59957
74507
45887
59971
90067
45893
74509
45943
59981
90071
74521
45949
59999
45953
74527
60013
90073
45959
60017
45971
74531
90089
45979
60029
74551
45989
90107
60037
46021
74561
60041
46027
90121
74567
60077
46049
46051
90127
60083
74573
46061
60089
46073
90149
74587
60091
46091
74597
90163
46093
60101
46099
74609
60103
90173
46103
60107
74611
46133
90187
60127
46141
74623
46147
60133
90191
74653
46153
60139
46171
90197
74687
60149
46181
46183
60161
74699
90199
46187
60167
74707
46199
90203
60169
46219
74713
60209
46229
90217
74717
46237
60217
46261
90227
60223
74719
46271
60251
74729
46273
90239
60257
46279
74731
90247
46301
60259
74747
46307
60271
90263
46309
74759
60289
46327
90271
60293
46337
74761
46349
60317
90281
74771
46351
60331
46381
74779
90289
60337
46399
74797
46411
60343
90313
46439
60353
74821
46441
90353
60373
46447
74827
60383
46451
90359
74831
46457
60397
46471
74843
90371
60413
46477
74857
60427
46489
90373
46499
60443
74861
46507
90379
60449
46511
74869
60457
46523
90397
74873
46549
60493
46559
90401
74887
60497
46567
60509
74891
90403
46573
60521
46589
74897
90407
46591
60527
46601
74903
60539
90437
46619
74923
60589
46633
90439
46639
60601
74929
46643
60607
90469
74933
46649
60611
46663
74941
90473
46679
60617
46681
74959
60623
90481
46687
60631
75011
46691
90499
60637
46703
75013
46723
60647
90511
75017
46727
60649
46747
90523
75029
60659
46751
46757
75037
90527
60661
46769
60679
75041
46771
90529
60689
46807
75079
46811
90533
60703
75083
46817
60719
46819
90547
75109
46829
60727
75133
46831
90583
60733
46853
75149
60737
90599
46861
60757
46867
75161
90617
46877
60761
75167
46889
60763
90619
46901
75169
60773
46919
90631
75181
46933
60779
46957
75193
60793
90641
46993
60811
75209
46997
90647
60821
47017
75211
47041
60859
90659
47051
75217
60869
47057
90677
75223
60887
47059
47087
75227
60889
90679
47093
60899
75239
47111
90697
60901
47119
75253
47123
60913
90703
75269
47129
60917
47137
90709
75277
60919
47143
47147
90731
75289
60923
47149
60937
75307
47161
90749
60943
47189
75323
90787
47207
60953
75329
47221
60961
90793
47237
75337
61001
47251
90803
61007
75347
47269
47279
61027
75353
90821
47287
61031
47293
75367
90823
61043
47297
75377
47303
61051
90833
47309
75389
61057
47317
90841
61091
75391
47339
61099
47351
90847
75401
47353
61121
75403
47363
90863
61129
47381
75407
61141
90887
47387
61151
47389
75431
90901
47407
61153
75437
47417
61169
90907
47419
75479
61211
47431
90911
75503
47441
61223
47459
61231
75511
90917
47491
61253
75521
47497
90931
61261
47501
75527
47507
61283
90947
47513
75533
61291
47521
90971
75539
61297
47527
47533
61331
90977
75541
47543
61333
75553
47563
90989
61339
47569
75557
61343
90997
47581
75571
47591
61357
91009
47599
61363
75577
47609
61379
91019
75583
47623
61381
47629
91033
75611
47639
61403
47653
75617
61409
91079
47657
61417
75619
47659
91081
61441
47681
75629
47699
91097
61463
75641
47701
61469
47711
91099
75653
61471
47713
47717
75659
91121
61483
47737
61487
75679
47741
91127
61493
47743
75683
91129
47777
61507
75689
47779
61511
91139
47791
75703
61519
47797
91141
75707
47807
61543
47809
61547
75709
91151
47819
61553
47837
75721
91153
61559
47843
75731
47857
61561
91159
47869
75743
61583
47881
91163
61603
75767
47903
47911
91183
61609
75773
47917
61613
75781
91193
47933
61627
47939
75787
91199
47947
61631
75793
47951
61637
91229
47963
75797
61643
47969
91237
61651
47977
75821
47981
61657
91243
75833
48017
61667
48023
75853
91249
61673
48029
75869
48049
61681
91253
48073
75883
61687
48079
91283
61703
75913
48091
61717
91291
48109
75931
48119
61723
91297
75937
48121
61729
48131
75941
91303
61751
48157
48163
61757
75967
91309
48179
61781
75979
48187
91331
61813
48193
75983
61819
48197
91367
75989
48221
61837
48239
91369
75991
61843
48247
61861
75997
91373
48259
61871
48271
76001
91381
48281
61879
76003
48299
61909
91387
48311
76031
61927
48313
91393
76039
48337
61933
48341
91397
61949
76079
48353
61961
48371
76081
91411
61967
48383
76091
48397
91423
61979
48407
76099
61981
91433
48409
61987
76103
48413
91453
61991
48437
76123
48449
62003
91457
76129
48463
62011
48473
76147
91459
62017
48479
76157
48481
62039
91463
48487
62047
76159
48491
91493
62053
76163
48497
62057
91499
48523
76207
62071
48527
91513
76213
48533
62081
48539
62099
76231
91529
48541
62119
48563
76243
91541
62129
48571
76249
48589
62131
91571
48593
76253
62137
48611
91573
76259
62141
48619
62143
48623
91577
76261
48647
62171
76283
91583
48649
62189
48661
76289
62191
91591
48673
76303
48677
62201
91621
48679
62207
76333
48731
91631
62213
48733
76343
62219
48751
91639
76367
48757
62233
48761
76369
91673
62273
48767
62297
76379
48779
91691
48781
62299
76387
48787
91703
62303
76403
48799
62311
91711
48809
76421
62323
48817
91733
76423
48821
62327
48823
62347
76441
91753
48847
62351
48857
76463
91757
62383
48859
76471
48869
62401
91771
48871
76481
62417
48883
91781
76487
62423
48889
48907
62459
91801
76493
48947
62467
76507
48953
91807
62473
48973
76511
62477
91811
48989
76519
48991
62483
91813
49003
62497
76537
49009
91823
62501
76541
49019
62507
49031
91837
76543
49033
62533
76561
49037
91841
62539
49043
76579
62549
49057
91867
49069
76597
62563
91873
49081
62581
76603
49103
62591
91909
49109
76607
62597
49117
91921
76631
49121
62603
49123
76649
62617
91939
49139
62627
76651
49157
91943
49169
62633
76667
49171
91951
62639
76673
49177
62653
49193
91957
76679
62659
49199
91961
49201
76697
62683
49207
62687
76717
91967
49211
62701
49223
76733
91969
62723
49253
76753
49261
62731
91997
49277
76757
62743
49279
92003
62753
76771
49297
49307
62761
92009
76777
49331
62773
76781
92033
49333
62791
49339
76801
92041
62801
49363
76819
49367
62819
92051
49369
76829
62827
49391
92077
62851
76831
49393
62861
49409
92083
76837
49411
62869
76847
92107
49417
62873
49429
76871
62897
92111
49433
76873
62903
49451
92119
49459
62921
76883
49463
62927
92143
76907
49477
62929
49481
92153
76913
62939
49499
76919
49523
92173
62969
49529
76943
62971
92177
49531
62981
76949
49537
92179
62983
49547
76961
49549
62987
92189
76963
49559
62989
49597
92203
76991
63029
49603
63031
77003
49613
92219
49627
63059
77017
49633
92221
63067
77023
49639
63073
92227
49663
77029
63079
49667
92233
77041
49669
63097
49681
63103
77047
92237
49697
63113
49711
77069
92243
63127
49727
77081
49739
63131
92251
49741
77093
63149
49747
92269
63179
77101
49757
92297
63197
49783
77137
49787
63199
92311
77141
49789
63211
49801
77153
92317
63241
49807
77167
49811
63247
92333
49823
63277
77171
49831
92347
63281
49843
77191
63299
49853
92353
77201
49871
63311
92357
49877
77213
63313
49891
63317
77237
92363
49919
63331
49921
77239
92369
49927
63337
77243
49937
63347
92377
49939
77249
63353
49943
92381
77261
63361
49957
49991
92383
63367
77263
49993
63377
77267
92387
49999
63389
77269
92399
63391
77279
63397
92401
77291
63409
92413
63419
77317
63421
92419
77323
63439
77339
92431
63443
77347
63463
92459
77351
63467
92461
63473
77359
92467
63487
77369
63493
92479
77377
63499
92489
77383
63521
63527
77417
92503
63533
77419
92507
63541
77431
63559
92551
77447
63577
92557
77471
63587
63589
77477
92567
63599
77479
92569
63601
77489
63607
92581
77491
63611
92593
63617
77509
63629
92623
77513
63647
77521
92627
63649
77527
63659
92639
77543
63667
92641
63671
77549
92647
63689
77551
63691
92657
77557
63697
77563
92669
63703
77569
63709
92671
63719
77573
92681
63727
77587
63737
92683
77591
63743
92693
77611
63761
77617
63773
92699
63781
77621
92707
63793
77641
63799
92717
77647
63803
92723
77659
63809
92737
63823
77681
63839
77687
92753
63841
77689
92761
63853
77699
63857
92767
77711
63863
92779
63901
77713
63907
92789
77719
63913
77723
92791
63929
77731
63949
92801
77743
63977
92809
63997
77747
92821
64007
77761
64013
92831
77773
64019
77783
92849
64033
77797
64037
92857
64063
77801
92861
64067
77813
64081
92863
77839
64091
92867
77849
64109
77863
64123
92893
64151
77867
92899
64153
77893
64157
92921
77899
64171
92927
77929
64187
77933
64189
92941
64217
77951
92951
64223
77969
92957
64231
77977
64237
92959
77983
64271
92987
77999
64279
64283
92993
78007
64301
78017
93001
64303
78031
93047
64319
78041
64327
93053
78049
64333
93059
64373
78059
64381
93077
78079
64399
78101
93083
64403
78121
64433
93089
78137
64439
93097
78139
64451
93103
78157
64453
64483
78163
93113
64489
78167
93131
64499
78173
93133
64513
78179
64553
93139
78191
64567
93151
64577
78193
64579
93169
78203
64591
78229
93179
64601
78233
93187
64609
78241
64613
93199
78259
64621
93229
64627
78277
64633
78283
93239
64661
78301
93241
64663
78307
64667
93251
78311
64679
93253
78317
64693
64709
93257
78341
64717
78347
93263
64747
78367
93281
64763
78401
64781
93283
78427
64783
93287
64793
78437
93307
64811
78439
64817
93319
78467
64849
78479
93323
64853
78487
93329
64871
78497
64877
93337
78509
64879
93371
78511
64891
93377
64901
78517
64919
93383
78539
64921
78541
93407
64927
78553
64937
93419
78569
64951
93427
64969
78571
93463
64997
78577
65003
93479
78583
65011
93481
78593
65027
78607
65029
93487
65033
78623
93491
65053
78643
93493
65063
78649
65071
93497
78653
65089
93503
78691
65099
65101
78697
93523
65111
78707
93529
65119
78713
93553
65123
78721
65129
93557
78737
65141
93559
65147
78779
65167
93563
78781
65171
78787
93581
65173
78791
65179
93601
78797
65183
93607
65203
78803
93629
65213
78809
65239
93637
78823
65257
93683
78839
65267
65269
93701
78853
65287
78857
93703
65293
78877
65309
93719
78887
65323
93739
65327
78889
93761
65353
78893
65357
93763
78901
65371
78919
93787
65381
78929
65393
93809
65407
78941
93811
65413
78977
65419
93827
78979
65423
93851
78989
65437
93871
79031
65447
65449
79039
93887
65479
79043
93889
65497
79063
65519
93893
79087
65521
93901
79103
65537
93911
65539
79111
65543
93913
79133
65551
79139
93923
65557
79147
65563
93937
65579
79151
93941
65581
79153
65587
93949
79159
65599
93967
79181
65609
79187
93971
65617
65629
79193
93979
65633
79201
93983
65647
79229
93997
65651
65657
79231
94007
65677
79241
94009
65687
79259
65699
94033
79273
65701
94049
65707
79279
94057
65713
79283
65717
94063
79301
65719
94079
79309
65729
65731
79319
94099
65761
79333
94109
65777
79337
94111
65789
79349
65809
94117
79357
65827
94121
65831
79367
65837
94151
79379
65839
94153
79393
65843
79397
65851
94169
65867
79399
94201
65881
79411
94207
65899
79423
65921
94219
79427
65927
94229
79433
65929
94253
65951
79451
65957
79481
94261
65963
79493
94273
65981
79531
65983
94291
79537
65993
94307
66029
79549
66037
94309
79559
66041
94321
79561
66047
79579
94327
66067
66071
79589
94331
66083
79601
94343
66089
79609
66103
94349
79613
66107
94351
79621
66109
66137
94379
79627
66161
79631
94397
66169
79633
94399
66173
79657
66179
94421
79669
66191
94427
66221
79687
66239
94433
79691
66271
94439
79693
66293
66301
79697
94441
66337
79699
94447
66343
79757
66347
94463
79769
66359
94477
66361
79777
94483
66373
79801
66377
94513
79811
66383
79813
94529
66403
79817
66413
94531
79823
66431
94541
66449
79829
66457
94543
79841
66463
79843
94547
66467
79847
66491
94559
79861
66499
94561
79867
66509
94573
79873
66523
66529
79889
94583
66533
79901
94597
66541
79903
94603
66553
79907
66569
94613
79939
66571
94621
79943
66587
94649
79967
66593
66601
79973
94651
66617
79979
94687
66629
79987
66643
94693
79997
66653
94709
79999
94723
80021
80039
94727
80051
94747
80071
94771
80077
94777
80107
94781
80111
80141
94789
80147
94793
80149
94811
80153
94819
80167
94823
80173
94837
80177
80191
94841
80207
94847
80209
94849
80221
94873
80231
94889
80233
80239
94903
80251
94907
80263
94933
80273
94949
80279
94951
80287
94961
80309
80317
94993
80329
94999
80341
95003
80347
95009
80363
95021
80369
95027
80387
80407
95063
80429
95071
80447
95083
80449
95087
80471
95089
80473
95093
80489
80491
95101
80513
95107
80527
95111
80537
95131
80557
95143
80567
95153
80599
80603
95177
80611
95189
80621
95191
80627
95203
80629
95213
80651
80657
95219
80669
95231
80671
95233
80677
95239
80681
95257
80683
95261
80687
80701
95267
80713
95273
80737
95279
80747
95287
80749
95311
80761
95317
80777
80779
95327
80783
95339
80789
95369
80803
95383
80809
95393
80819
80831
95401
80833
95413
80849
95419
80863
95429
80897
95441
80909
95443
80911
95461
80917
80923
95467
80929
95471
80933
95479
80953
95483
80963
95507
80989
95527
81001
81013
95531
81017
95539
81019
95549
81023
95561
81031
95569
81041
81043
95581
81047
95597
81049
95603
81071
95617
81077
95621
81083
95629
81097
95633
81101
81119
95651
81131
95701
81157
95707
81163
95713
81173
95717
81181
95723
81197
95731
81199
81203
95737
81223
95747
81233
95773
81239
95783
81281
95789
81283
95791
81293
81299
95801
81307
95803
81331
95813
81343
95819
81349
95857
81353
81359
95869
81371
95873
81373
95881
81401
95891
81409
95911
81421
95917
81439
95923
81457
81463
95929
81509
95947
81517
95957
81527
95959
81533
95971
81547
95987
81551
81553
95989
81559
96001
81563
96013
81569
96017
81611
96043
81619
96053
81629
81637
96059
81647
96079
81649
96097
81667
96137
81671
96149
81677
81689
96157
81701
96167
81703
96179
81707
96181
81727
96199
81737
96211
81749
81761
96221
81769
96223
81773
96233
81799
96259
81817
96263
81839
81847
96269
81853
96281
81869
96289
81883
96293
81899
96323
81901
96329
81919
81929
96331
81931
96337
81937
96353
81943
96377
81953
96401
81967
96419
81971
96431
81973
96443
82003
96451
82007
82009
96457
82013
96461
82021
96469
82031
96479
82037
96487
82039
96493
82051
82067
96497
82073
96517
82129
96527
82139
96553
82141
96557
82153
82163
96581
82171
96587
82183
96589
82189
96601
82193
96643
82207
96661
82217
96667
82219
96671
82223
82231
96697
82237
96703
82241
96731
82261
96737
82267
82279
96739
82301
96749
82307
96757
82339
96763
82349
96769
82351
82361
96779
82373
96787
82387
96797
82393
96799
82421
96821
82457
96823
82463
82469
96827
82471
96847
82483
96851
82487
96857
82493
96893
82499
96907
82507
82529
96911
82531
96931
82549
96953
82559
96959
82561
96973
82567
96979
82571
82591
96989
82601
96997
82609
97001
82613
97003
82619
97007
82633
97021
82651
82657
97039
82699
97073
82721
97081
82723
97103
82727
97117
82729
97127
82757
82759
97151
82763
97157
82781
97159
82787
97169
82793
97171
82799
82811
97177
82813
97187
82837
97213
82847
97231
82883
82889
97241
82891
97259
82903
97283
82913
97301
82939
97303
82963
97327
82981
97367
82997
83003
97369
83009
97373
83023
97379
83047
97381
83059
97387
83063
97397
83071
83077
97423
83089
97429
83093
97441
83101
97453
83117
97459
83137
97463
83177
97499
83203
83207
97501
83219
97511
83221
97523
83227
97547
83231
97549
83233
97553
83243
83257
97561
83267
97571
83269
97577
83273
97579
83299
97583
83311
97607
97609
97613
97649
97651
97673
97687
97711
97729
97771
97777
97787
97789
97813
97829
97841
97843
97847
97849
97859
97861
97871
97879
97883
97919
97927
97931
97943
97961
97967
97973
97987
98009
98011
98017
98041
98047
98057
98081
98101
98123
98129
98143
98179
98207
98213
98221
98227
98251
98257
98269
98297
98299
98317
98321
98323
98327
98347
98369
98377
98387
98389
98407
98411
98419
98429
98443
98453
98459
98467
98473
98479
98491
98507
98519
98533
98543
98561
98563
98573
98597
98621
98627
98639
98641
98663
98669
98689
98711
98713
98717
98729
98731
98737
98773
98779
98801
98807
98809
98837
98849
98867
98869
98873
98887
98893
98897
98899
98909
98911
98927
98929
98939
98947
98953
98963
98981
98993
98999
99013
99017
99023
99041
99053
99079
99083
99089
99103
99109
99119
99131
99133
99137
99139
99149
99173
99181
99191
99223
99233
99241
99251
99257
99259
99277
99289
99317
99347
99349
99367
99371
99377
99391
99397
99401
99409
99431
99439
99469
99487
99497
99523
99527
99529
99551
99559
99563
99571
99577
99581
99607
99611
99623
99643
99661
99667
99679
99689
99707
99709
99713
99719
99721
99733
99761
99767
99787
99793
99809
99817
99823
99829
99833
99839
99859
99871
99877
99881
99901
99907
99923
99929
99961
99971
99989
99991
